<?xml version="1.0"?>
<opencv_storage>
<mtx type_id="opencv-matrix">
  <rows>3</rows>
  <cols>3</cols>
  <dt>d</dt>
  <data>
    4.8810293407041360e+02 0. 3.3038092616636715e+02 0.
    4.9042782300881800e+02 2.3301525956965324e+02 0. 0. 1.</data></mtx>
<dist type_id="opencv-matrix">
  <rows>1</rows>
  <cols>5</cols>
  <dt>d</dt>
  <data>
    -3.6745477560984457e-01 2.0648505582116239e-01
    6.5545124792875845e-05 -1.6753939168817641e-04
    -7.9067415990745529e-02</data></dist>
<rvec type_id="opencv-matrix">
  <rows>3</rows>
  <cols>1</cols>
  <dt>d</dt>
  <data>
    1.5643833979000978e+00 2.1526560550196774e-02
    -2.0844571259641106e-02</data></rvec>
<tvec type_id="opencv-matrix">
  <rows>3</rows>
  <cols>1</cols>
  <dt>d</dt>
  <data>
    -2.4413165450275884e+00 1.2709167680297774e+01
    2.7192812486507844e+01</data></tvec>
</opencv_storage>
