<?xml version="1.0"?>
<opencv_storage>
<corners type_id="opencv-matrix">
  <rows>48</rows>
  <cols>1</cols>
  <dt>"2f"</dt>
  <data>
    290. 446. 3.06571442e+02 446. 3.23142853e+02 446. 3.39714294e+02
    446. 3.56285706e+02 446. 3.72857147e+02 446. 3.89428558e+02 446.
    406. 446. 2.91561523e+02 4.39530762e+02 3.07654938e+02
    4.39530762e+02 3.23748352e+02 4.39530762e+02 3.39841766e+02
    4.39530762e+02 3.55935150e+02 4.39530762e+02 3.72028564e+02
    4.39530762e+02 3.88121979e+02 4.39530762e+02 4.04215393e+02
    4.39530762e+02 2.93035522e+02 4.33424286e+02 3.08677704e+02
    4.33424286e+02 3.24319885e+02 4.33424286e+02 3.39962097e+02
    4.33424286e+02 3.55604279e+02 4.33424286e+02 3.71246460e+02
    4.33424286e+02 3.86888641e+02 4.33424286e+02 4.02530853e+02
    4.33424286e+02 2.94429077e+02 4.27650909e+02 3.09644684e+02
    4.27650909e+02 3.24860260e+02 4.27650909e+02 3.40075836e+02
    4.27650909e+02 3.55291443e+02 4.27650909e+02 3.70507019e+02
    4.27650909e+02 3.85722595e+02 4.27650909e+02 4.00938171e+02
    4.27650909e+02 2.95748688e+02 4.22184082e+02 3.10560303e+02
    4.22184082e+02 3.25371948e+02 4.22184082e+02 3.40183563e+02
    4.22184082e+02 3.54995209e+02 4.22184082e+02 3.69806824e+02
    4.22184082e+02 3.84618469e+02 4.22184082e+02 3.99430084e+02
    4.22184082e+02 297. 417. 3.11428558e+02 417. 3.25857147e+02 417.
    3.40285706e+02 417. 3.54714294e+02 417. 3.69142853e+02 417.
    3.83571442e+02 417. 398. 417.</data></corners>
</opencv_storage>
