<?xml version="1.0"?>
<opencv_storage>
<means0 type_id="opencv-matrix">
  <rows>3</rows>
  <cols>3</cols>
  <dt>d</dt>
  <data>
    1.9629505809682536e+02 1.9485480030983851e+02 1.6130232515716048e+02
    9.2047834581789061e+01 9.1998169621672332e+01 6.3534428564585511e+01
    5.2589749050842919e+01 4.7512694607592145e+01 3.1346702635971727e+01</data></means0>
<covs0 type_id="opencv-matrix">
  <rows>3</rows>
  <cols>3</cols>
  <dt>"3d"</dt>
  <data>
    1.7797190486954617e+03 0. 0. 0. 1.8449780912282520e+03 0. 0. 0.
    1.0438914327349539e+03 1.9869122851061866e+02 0. 0. 0.
    4.1398291536602238e+02 0. 0. 0. 3.5753776257824410e+02
    1.5942727008676695e+02 0. 0. 0. 2.0531951859205356e+02 0. 0. 0.
    1.2222536831242722e+02</data></covs0>
<weights0 type_id="opencv-matrix">
  <rows>1</rows>
  <cols>3</cols>
  <dt>d</dt>
  <data>
    5.3902624909342362e-02 6.6682186889180395e-01 2.7927550619885733e-01</data></weights0>
<means1 type_id="opencv-matrix">
  <rows>3</rows>
  <cols>3</cols>
  <dt>d</dt>
  <data>
    1.1356317245359641e+02 1.2312031057476356e+02 6.0286253990389781e+01
    5.8632024154793491e+01 5.2500563355700194e+01 3.5017315001981075e+01
    2.1530350874871854e+02 2.1485733549429938e+02 1.7859716363514775e+02</data></means1>
<covs1 type_id="opencv-matrix">
  <rows>3</rows>
  <cols>3</cols>
  <dt>"3d"</dt>
  <data>
    9.2056667461450147e+01 0. 0. 0. 1.9417506426732422e+02 0. 0. 0.
    4.0268514725367743e+02 2.6858095013261533e+02 0. 0. 0.
    2.3240375392619782e+02 0. 0. 0. 1.5682308691925701e+02
    8.9519575190726391e+02 0. 0. 0. 7.8521417883986078e+02 0. 0. 0.
    6.6316765193025060e+02</data></covs1>
<weights1 type_id="opencv-matrix">
  <rows>1</rows>
  <cols>3</cols>
  <dt>d</dt>
  <data>
    4.0858007176694261e-01 5.1815370673306749e-01 7.3266221499988626e-02</data></weights1>
<means2 type_id="opencv-matrix">
  <rows>3</rows>
  <cols>3</cols>
  <dt>d</dt>
  <data>
    3.6383623957431304e+01 2.7595893576301204e+01 1.7618923997472425e+01
    1.4958823986486212e+02 1.3037843199934326e+02 1.0092732139973305e+02
    8.3703222282667511e+01 8.5015292561980317e+01 4.4263033888681001e+01</data></means2>
<covs2 type_id="opencv-matrix">
  <rows>3</rows>
  <cols>3</cols>
  <dt>"3d"</dt>
  <data>
    7.7028869197385594e+00 0. 0. 0. 1.3443550217391925e+01 0. 0. 0.
    1.8038420444291887e+01 6.6722306729477020e+02 0. 0. 0.
    4.9848287853203516e+02 0. 0. 0. 4.0044337484518866e+02
    4.5202213437514712e+02 0. 0. 0. 5.0742310787226046e+02 0. 0. 0.
    2.5508204977739300e+02</data></covs2>
<weights2 type_id="opencv-matrix">
  <rows>1</rows>
  <cols>3</cols>
  <dt>d</dt>
  <data>
    2.9187514512776513e-01 2.6714050976642556e-01 4.4098434510580814e-01</data></weights2>
<means3 type_id="opencv-matrix">
  <rows>3</rows>
  <cols>3</cols>
  <dt>d</dt>
  <data>
    2.1304564668202647e+02 2.0974850997401211e+02 1.6877852973948677e+02
    6.4096844544183369e+01 6.2247977560900949e+01 3.9520894013381699e+01
    1.0990965424294784e+02 1.1877385416507771e+02 6.4609588087054931e+01</data></means3>
<covs3 type_id="opencv-matrix">
  <rows>3</rows>
  <cols>3</cols>
  <dt>"3d"</dt>
  <data>
    5.5989556240814056e+02 0. 0. 0. 4.5461212981770160e+02 0. 0. 0.
    3.0470736951009212e+02 2.0859244858537107e+02 0. 0. 0.
    3.1586372484084609e+02 0. 0. 0. 2.2604004469079300e+02
    1.9143589250623373e+02 0. 0. 0. 2.6227762885334067e+02 0. 0. 0.
    6.0555543952700771e+02</data></covs3>
<weights3 type_id="opencv-matrix">
  <rows>1</rows>
  <cols>3</cols>
  <dt>d</dt>
  <data>
    1.2944753647844612e-01 4.4781834395705034e-01 4.2273411956450346e-01</data></weights3>
</opencv_storage>
