<?xml version="1.0"?>
<opencv_storage>
<means0 type_id="opencv-matrix">
  <rows>3</rows>
  <cols>3</cols>
  <dt>d</dt>
  <data>
    7.8326225856409422e+01 8.2709152338278514e+01 3.9373694145343855e+01
    3.1317790398325464e+01 2.3299020383691179e+01 1.6021568360692157e+01
    1.6099885974933909e+02 1.6168214817615643e+02 1.3191306581082023e+02</data></means0>
<covs0 type_id="opencv-matrix">
  <rows>3</rows>
  <cols>3</cols>
  <dt>"3d"</dt>
  <data>
    5.6899564377560455e+02 0. 0. 0. 9.8060289253677604e+02 0. 0. 0.
    2.1040989878521114e+02 3.4911050526944841e+01 0. 0. 0.
    4.2925653216684886e+01 0. 0. 0. 2.0314360108142495e+01
    1.1056313130621022e+03 0. 0. 0. 1.0606739754326750e+03 0. 0. 0.
    8.1300719204496215e+02</data></covs0>
<weights0 type_id="opencv-matrix">
  <rows>1</rows>
  <cols>3</cols>
  <dt>d</dt>
  <data>
    2.5089193089589146e-01 7.0815031243255921e-01 4.0957756671550931e-02</data></weights0>
<means1 type_id="opencv-matrix">
  <rows>3</rows>
  <cols>3</cols>
  <dt>d</dt>
  <data>
    7.3064075319474256e+01 7.1870423392908634e+01 6.2874513481113169e+01
    2.5303054300074610e+01 2.5775689626054302e+01 2.2764813736031911e+01
    1.2973056978572066e+02 1.3323445920566002e+02 1.0686069636009368e+02</data></means1>
<covs1 type_id="opencv-matrix">
  <rows>3</rows>
  <cols>3</cols>
  <dt>"3d"</dt>
  <data>
    2.6014366377515296e+02 0. 0. 0. 2.5486475092063438e+02 0. 0. 0.
    2.3152518940173135e+02 5.8981675442845017e+01 0. 0. 0.
    5.0229345864211922e+01 0. 0. 0. 5.5030343064956512e+01
    1.1749537119843365e+03 0. 0. 0. 9.3299215477116172e+02 0. 0. 0.
    7.0231091860851075e+02</data></covs1>
<weights1 type_id="opencv-matrix">
  <rows>1</rows>
  <cols>3</cols>
  <dt>d</dt>
  <data>
    5.3357861029517417e-01 3.2452243559102922e-01 1.4189895411379669e-01</data></weights1>
<means2 type_id="opencv-matrix">
  <rows>3</rows>
  <cols>3</cols>
  <dt>d</dt>
  <data>
    8.8851577710103655e+01 8.8216320394743533e+01 5.8622150023556053e+01
    5.0619539381070751e+01 4.3949544484717755e+01 3.1556845389057052e+01
    1.3764831412162761e+02 1.4379320995155996e+02 1.0578968853755160e+02</data></means2>
<covs2 type_id="opencv-matrix">
  <rows>3</rows>
  <cols>3</cols>
  <dt>"3d"</dt>
  <data>
    2.5359108078410372e+02 0. 0. 0. 3.8983503449733018e+02 0. 0. 0.
    2.4243308997890171e+02 1.5008398181355611e+02 0. 0. 0.
    1.0357343746062672e+02 0. 0. 0. 8.5029381315724663e+01
    8.7501993629668152e+02 0. 0. 0. 1.1077920561863878e+03 0. 0. 0.
    1.8267991235355039e+03</data></covs2>
<weights2 type_id="opencv-matrix">
  <rows>1</rows>
  <cols>3</cols>
  <dt>d</dt>
  <data>
    4.3692523143164352e-01 4.3423980229941983e-01 1.2883496626893515e-01</data></weights2>
<means3 type_id="opencv-matrix">
  <rows>3</rows>
  <cols>3</cols>
  <dt>d</dt>
  <data>
    7.0072467888047115e+01 6.5366075974676122e+01 5.3693936841257958e+01
    1.8293462920300456e+02 1.8820051205244596e+02 1.5512453023056392e+02
    1.1156954859164958e+02 1.1881891289518973e+02 6.9029587520779785e+01</data></means3>
<covs3 type_id="opencv-matrix">
  <rows>3</rows>
  <cols>3</cols>
  <dt>"3d"</dt>
  <data>
    2.9039928408397338e+02 0. 0. 0. 2.8198339897688788e+02 0. 0. 0.
    3.0833190915447756e+02 6.0413990673357659e+02 0. 0. 0.
    8.3105301194433366e+02 0. 0. 0. 7.7603013094128085e+02
    1.5875027411978252e+02 0. 0. 0. 2.1806811223791436e+02 0. 0. 0.
    7.3399961135165347e+02</data></covs3>
<weights3 type_id="opencv-matrix">
  <rows>1</rows>
  <cols>3</cols>
  <dt>d</dt>
  <data>
    7.2003752548359934e-01 5.1335903947814905e-02 2.2862657056858218e-01</data></weights3>
</opencv_storage>
