<?xml version="1.0"?>
<opencv_storage>
<means0 type_id="opencv-matrix">
  <rows>3</rows>
  <cols>3</cols>
  <dt>d</dt>
  <data>
    1.1724793227171870e+02 1.1723943240972319e+02 8.2257432648953625e+01
    5.3652416430795974e+01 4.9189144305946279e+01 2.9134403157701406e+01
    1.0944538207189477e+02 1.2171556747695065e+02 4.7378518989658069e+01</data></means0>
<covs0 type_id="opencv-matrix">
  <rows>3</rows>
  <cols>3</cols>
  <dt>"3d"</dt>
  <data>
    9.8584700321389948e+02 0. 0. 0. 1.0002782925573621e+03 0. 0. 0.
    9.4849162895136499e+02 1.3363605038489058e+02 0. 0. 0.
    1.6185960235124313e+02 0. 0. 0. 1.0376309879543912e+02
    7.5794021373701511e+01 0. 0. 0. 1.5006435594335022e+02 0. 0. 0.
    1.0422879633089821e+01</data></covs0>
<weights0 type_id="opencv-matrix">
  <rows>1</rows>
  <cols>3</cols>
  <dt>d</dt>
  <data>
    2.1612303922165921e-01 3.1130817545263728e-01 4.7256878532570362e-01</data></weights0>
<means1 type_id="opencv-matrix">
  <rows>3</rows>
  <cols>3</cols>
  <dt>d</dt>
  <data>
    4.6804359540018552e+01 4.1939324133319111e+01 3.3045394442901049e+01
    1.0083490890804212e+02 1.0643382951208390e+02 5.8525985359452662e+01
    7.4358850788370859e+01 6.8650476109516106e+01 5.6771498847641546e+01</data></means1>
<covs1 type_id="opencv-matrix">
  <rows>3</rows>
  <cols>3</cols>
  <dt>"3d"</dt>
  <data>
    9.7007776296746599e+01 0. 0. 0. 1.0019802154146583e+02 0. 0. 0.
    1.4826986837305336e+02 2.3713720000084842e+02 0. 0. 0.
    2.8773653264112426e+02 0. 0. 0. 6.5871293692628331e+02
    6.6707389424362830e+01 0. 0. 0. 6.3907956887947869e+01 0. 0. 0.
    1.6157379478988921e+02</data></covs1>
<weights1 type_id="opencv-matrix">
  <rows>1</rows>
  <cols>3</cols>
  <dt>d</dt>
  <data>
    2.1517076290761908e-01 4.0629550914520607e-01 3.7853372794717227e-01</data></weights1>
<means2 type_id="opencv-matrix">
  <rows>3</rows>
  <cols>3</cols>
  <dt>d</dt>
  <data>
    8.1658591550589904e+01 7.7096129668629601e+01 7.2137779821795789e+01
    4.1604800942261129e+01 3.6413749607930228e+01 3.1217481140381306e+01
    1.5443946977136679e+02 1.4830374691260923e+02 1.2956520324911531e+02</data></means2>
<covs2 type_id="opencv-matrix">
  <rows>3</rows>
  <cols>3</cols>
  <dt>"3d"</dt>
  <data>
    1.6146750783083186e+02 0. 0. 0. 2.0612247023401713e+02 0. 0. 0.
    2.2429978770281906e+02 1.0577679347545428e+02 0. 0. 0.
    1.2038099929520722e+02 0. 0. 0. 1.6539166155539021e+02
    1.5478280787953554e+03 0. 0. 0. 1.4439881453277369e+03 0. 0. 0.
    1.2998591627687506e+03</data></covs2>
<weights2 type_id="opencv-matrix">
  <rows>1</rows>
  <cols>3</cols>
  <dt>d</dt>
  <data>
    3.8069910469663593e-01 4.2007206884271919e-01 1.9922882646064197e-01</data></weights2>
<means3 type_id="opencv-matrix">
  <rows>3</rows>
  <cols>3</cols>
  <dt>d</dt>
  <data>
    7.4609361166967346e+01 6.8763278272345985e+01 6.3399686906589153e+01
    4.8798275806161449e+01 4.3971347791779110e+01 3.6914365675661323e+01
    1.0659425017702841e+02 1.0939337735508903e+02 7.4540573386687996e+01</data></means3>
<covs3 type_id="opencv-matrix">
  <rows>3</rows>
  <cols>3</cols>
  <dt>"3d"</dt>
  <data>
    5.9335206465728241e+01 0. 0. 0. 5.7253971517322462e+01 0. 0. 0.
    9.1812630954090324e+01 8.3346800446966924e+01 0. 0. 0.
    8.9130863638288346e+01 0. 0. 0. 1.2059811186630483e+02
    7.6104693358526913e+02 0. 0. 0. 6.7198447198500332e+02 0. 0. 0.
    1.2927609478564627e+03</data></covs3>
<weights3 type_id="opencv-matrix">
  <rows>1</rows>
  <cols>3</cols>
  <dt>d</dt>
  <data>
    3.8146601038394318e-01 2.9364798585303387e-01 3.2488600376302113e-01</data></weights3>
</opencv_storage>
