<?xml version="1.0"?>
<opencv_storage>
<means0 type_id="opencv-matrix">
  <rows>3</rows>
  <cols>3</cols>
  <dt>d</dt>
  <data>
    3.8928922818840988e+01 3.1461850126595767e+01 2.0830244690855643e+01
    2.6989225099879441e+01 1.8682879928104814e+01 1.3536464418868460e+01
    9.5602908601784648e+01 1.0125530946924513e+02 5.4118777788529641e+01</data></means0>
<covs0 type_id="opencv-matrix">
  <rows>3</rows>
  <cols>3</cols>
  <dt>"3d"</dt>
  <data>
    3.8735991118051430e+01 0. 0. 0. 4.9617723045937765e+01 0. 0. 0.
    2.9235093712701929e+01 2.1974717354372433e+00 0. 0. 0.
    2.0944574637653637e+00 0. 0. 0. 3.1103137540703494e+00
    1.1845678559814876e+03 0. 0. 0. 1.1678737372475305e+03 0. 0. 0.
    1.3207443280105426e+03</data></covs0>
<weights0 type_id="opencv-matrix">
  <rows>1</rows>
  <cols>3</cols>
  <dt>d</dt>
  <data>
    3.8968274386446777e-01 3.4432355823914396e-01 2.6599369789638760e-01</data></weights0>
<means1 type_id="opencv-matrix">
  <rows>3</rows>
  <cols>3</cols>
  <dt>d</dt>
  <data>
    3.7226588450061499e+01 2.9093229599194011e+01 1.9695153758578702e+01
    9.2361930825749425e+01 8.3376269577220299e+01 5.7828854533187076e+01
    1.6078303061476089e+02 1.4767854126181550e+02 1.1792973935091564e+02</data></means1>
<covs1 type_id="opencv-matrix">
  <rows>3</rows>
  <cols>3</cols>
  <dt>"3d"</dt>
  <data>
    3.2215605118279306e+01 0. 0. 0. 3.1211547720943287e+01 0. 0. 0.
    6.4815730102229750e+01 5.3517847645443192e+02 0. 0. 0.
    5.4023072020132975e+02 0. 0. 0. 2.8621817807218645e+02
    1.5469477330770187e+03 0. 0. 0. 1.6083843264828918e+03 0. 0. 0.
    1.4711665836014017e+03</data></covs1>
<weights1 type_id="opencv-matrix">
  <rows>1</rows>
  <cols>3</cols>
  <dt>d</dt>
  <data>
    2.1013085135204776e-01 6.2257551353514151e-01 1.6729363511280493e-01</data></weights1>
<means2 type_id="opencv-matrix">
  <rows>3</rows>
  <cols>3</cols>
  <dt>d</dt>
  <data>
    9.5936028063932682e+01 9.2295966484058994e+01 4.8725201786962870e+01
    1.4362209987347194e+02 1.3083669914829585e+02 9.3159905863711003e+01
    3.9113840098487920e+01 3.0113260137207977e+01 1.7633070768184776e+01</data></means2>
<covs2 type_id="opencv-matrix">
  <rows>3</rows>
  <cols>3</cols>
  <dt>"3d"</dt>
  <data>
    3.4579190720779548e+02 0. 0. 0. 5.6334849852501873e+02 0. 0. 0.
    1.7955445496957341e+02 9.4745567226628725e+02 0. 0. 0.
    8.9460312311683765e+02 0. 0. 0. 9.5536786800804873e+02
    3.3349768014553597e+01 0. 0. 0. 3.4896862817908485e+01 0. 0. 0.
    3.5993126400147624e+01</data></covs2>
<weights2 type_id="opencv-matrix">
  <rows>1</rows>
  <cols>3</cols>
  <dt>d</dt>
  <data>
    5.8239072560811400e-01 1.4508955295293660e-01 2.7251972143894881e-01</data></weights2>
<means3 type_id="opencv-matrix">
  <rows>3</rows>
  <cols>3</cols>
  <dt>d</dt>
  <data>
    2.0839426201061761e+02 2.0527384686249511e+02 1.6916114362828347e+02
    7.0764604053031192e+01 6.6927995339219308e+01 5.0430403807092837e+01
    1.1410107606194526e+02 1.2491656549785927e+02 5.6725873897595029e+01</data></means3>
<covs3 type_id="opencv-matrix">
  <rows>3</rows>
  <cols>3</cols>
  <dt>"3d"</dt>
  <data>
    1.3664536766801598e+03 0. 0. 0. 1.3575639851307355e+03 0. 0. 0.
    9.1635743924746885e+02 2.7379844603887256e+02 0. 0. 0.
    2.9923842057170162e+02 0. 0. 0. 3.1933312752149897e+02
    1.0647201952848680e+02 0. 0. 0. 2.3397394646136664e+02 0. 0. 0.
    2.6828118909140613e+02</data></covs3>
<weights3 type_id="opencv-matrix">
  <rows>1</rows>
  <cols>3</cols>
  <dt>d</dt>
  <data>
    2.7131248192813210e-02 7.3042848730973742e-01 2.4244026449746017e-01</data></weights3>
</opencv_storage>
