<?xml version="1.0"?>
<opencv_storage>
<means0 type_id="opencv-matrix">
  <rows>3</rows>
  <cols>3</cols>
  <dt>d</dt>
  <data>
    5.9791849636470474e+01 5.4809177272796127e+01 4.1698319583569351e+01
    1.6027375475612433e+02 1.5607631495105903e+02 1.2605825929644148e+02
    8.4392056452565726e+01 8.3654021140280918e+01 5.8948537626898201e+01</data></means0>
<covs0 type_id="opencv-matrix">
  <rows>3</rows>
  <cols>3</cols>
  <dt>"3d"</dt>
  <data>
    8.3360286554171680e+01 0. 0. 0. 8.5577038946143972e+01 0. 0. 0.
    1.4868709729519014e+02 7.1777143173466845e+02 0. 0. 0.
    6.4543067182343532e+02 0. 0. 0. 3.9219892110651352e+02
    1.0597070799021340e+02 0. 0. 0. 2.6616157691269967e+02 0. 0. 0.
    2.9467705784680794e+02</data></covs0>
<weights0 type_id="opencv-matrix">
  <rows>1</rows>
  <cols>3</cols>
  <dt>d</dt>
  <data>
    2.9393672286408429e-01 8.2563547507852497e-02 6.2349972962806344e-01</data></weights0>
<means1 type_id="opencv-matrix">
  <rows>3</rows>
  <cols>3</cols>
  <dt>d</dt>
  <data>
    1.5445351137330661e+02 1.5018843248501113e+02 1.2193386651280211e+02
    8.3343048543538288e+01 8.3322919992017574e+01 5.5191329825764861e+01
    5.5649231739528936e+01 5.0995158824886062e+01 3.5960549961812831e+01</data></means1>
<covs1 type_id="opencv-matrix">
  <rows>3</rows>
  <cols>3</cols>
  <dt>"3d"</dt>
  <data>
    4.5169445754517488e+02 0. 0. 0. 4.1692813920188541e+02 0. 0. 0.
    2.2744956766367977e+02 1.2233154762035824e+02 0. 0. 0.
    2.9906475611338942e+02 0. 0. 0. 2.7032544177245069e+02
    1.4773628609465518e+02 0. 0. 0. 1.4638007427480409e+02 0. 0. 0.
    1.1711474969014006e+02</data></covs1>
<weights1 type_id="opencv-matrix">
  <rows>1</rows>
  <cols>3</cols>
  <dt>d</dt>
  <data>
    6.7570902953641862e-02 6.3509495400414295e-01 2.9733414304222067e-01</data></weights1>
<means2 type_id="opencv-matrix">
  <rows>3</rows>
  <cols>3</cols>
  <dt>d</dt>
  <data>
    4.2806322373162104e+01 3.6287420811353989e+01 2.4489715252164778e+01
    9.8012679917209894e+01 1.0040004954766906e+02 5.9708656740045555e+01
    2.5766498216865987e+01 2.0269082618658420e+01 1.4339653827157226e+01</data></means2>
<covs2 type_id="opencv-matrix">
  <rows>3</rows>
  <cols>3</cols>
  <dt>"3d"</dt>
  <data>
    3.4800122703460573e+01 0. 0. 0. 4.1110855320572384e+01 0. 0. 0.
    3.1478325667478938e+01 9.1131106517657213e+02 0. 0. 0.
    1.1991704046502721e+03 0. 0. 0. 8.4007818407544846e+02
    3.0085497876093889e+01 0. 0. 0. 1.9649849779956423e+01 0. 0. 0.
    1.3793845314628886e+01</data></covs2>
<weights2 type_id="opencv-matrix">
  <rows>1</rows>
  <cols>3</cols>
  <dt>d</dt>
  <data>
    2.8190994793396851e-01 3.3959918069852230e-01 3.7849087136751242e-01</data></weights2>
<means3 type_id="opencv-matrix">
  <rows>3</rows>
  <cols>3</cols>
  <dt>d</dt>
  <data>
    6.7293004659303818e+01 6.0276356948971539e+01 4.3864238771624123e+01
    1.2891898016404448e+02 1.3035541448940830e+02 8.8244843332038286e+01
    3.1223219778182610e+01 2.5740962474035737e+01 1.6727196333279519e+01</data></means3>
<covs3 type_id="opencv-matrix">
  <rows>3</rows>
  <cols>3</cols>
  <dt>"3d"</dt>
  <data>
    1.6750664302986743e+02 0. 0. 0. 1.4484426294851215e+02 0. 0. 0.
    1.6947447724639682e+02 1.3086835418430076e+03 0. 0. 0.
    1.2459558240493398e+03 0. 0. 0. 1.9041313301634455e+03
    5.9836479331584542e+01 0. 0. 0. 5.4082157186969866e+01 0. 0. 0.
    2.0998969411253693e+01</data></covs3>
<weights3 type_id="opencv-matrix">
  <rows>1</rows>
  <cols>3</cols>
  <dt>d</dt>
  <data>
    3.5926099230621156e-01 4.2424020686351765e-01 2.1649880083026826e-01</data></weights3>
</opencv_storage>
