<?xml version="1.0"?>
<opencv_storage>
<means0 type_id="opencv-matrix">
  <rows>3</rows>
  <cols>3</cols>
  <dt>d</dt>
  <data>
    1.9433077895460281e+02 1.9360849787962707e+02 1.6105593998461964e+02
    4.1330156422236961e+01 3.3637611260585928e+01 1.9403262920285684e+01
    1.0176687847505119e+02 9.9844056351493606e+01 5.7405611202037221e+01</data></means0>
<covs0 type_id="opencv-matrix">
  <rows>3</rows>
  <cols>3</cols>
  <dt>"3d"</dt>
  <data>
    9.8889303619211057e+02 0. 0. 0. 9.5712522597604027e+02 0. 0. 0.
    8.8481029070658496e+02 8.0366532896335087e+01 0. 0. 0.
    1.0141605656968372e+02 0. 0. 0. 6.3437970045179846e+01
    3.2182234718858598e+02 0. 0. 0. 4.8528291949786563e+02 0. 0. 0.
    3.2156186973569459e+02</data></covs0>
<weights0 type_id="opencv-matrix">
  <rows>1</rows>
  <cols>3</cols>
  <dt>d</dt>
  <data>
    2.8190776956188001e-02 2.3659192217350233e-01 7.3521730087031290e-01</data></weights0>
<means1 type_id="opencv-matrix">
  <rows>3</rows>
  <cols>3</cols>
  <dt>d</dt>
  <data>
    2.9480972218157262e+01 2.4923844456554139e+01 1.6194254137086308e+01
    8.7399318424362519e+01 9.1809050993515626e+01 4.8356192601642249e+01
    1.9509021807291822e+02 1.9187815586777100e+02 1.5996861949171199e+02</data></means1>
<covs1 type_id="opencv-matrix">
  <rows>3</rows>
  <cols>3</cols>
  <dt>"3d"</dt>
  <data>
    6.8896953522175039e+01 0. 0. 0. 6.3905719205070675e+01 0. 0. 0.
    3.8769112195516016e+01 4.3324399691568556e+02 0. 0. 0.
    6.6703707568017558e+02 0. 0. 0. 3.8772946885953189e+02
    4.2715896909736267e+02 0. 0. 0. 3.9582833415143489e+02 0. 0. 0.
    1.1408155034743297e+02</data></covs1>
<weights1 type_id="opencv-matrix">
  <rows>1</rows>
  <cols>3</cols>
  <dt>d</dt>
  <data>
    6.1523365495306170e-01 3.7515940847267820e-01 9.6069365742571730e-03</data></weights1>
<means2 type_id="opencv-matrix">
  <rows>3</rows>
  <cols>3</cols>
  <dt>d</dt>
  <data>
    2.5278350184900884e+01 2.0859697958004396e+01 1.4139118873704831e+01
    1.8259431601980299e+02 1.7792451908587762e+02 1.4943567894180194e+02
    7.9791618758084908e+01 7.6559843380451966e+01 6.3019443006609499e+01</data></means2>
<covs2 type_id="opencv-matrix">
  <rows>3</rows>
  <cols>3</cols>
  <dt>"3d"</dt>
  <data>
    4.6138019062378305e+01 0. 0. 0. 4.3093819094872337e+01 0. 0. 0.
    2.8603330065265322e+01 7.7895338020039026e+02 0. 0. 0.
    8.3197215464916314e+02 0. 0. 0. 3.1384638459955744e+02
    5.4095917619577665e+02 0. 0. 0. 6.8881823971861536e+02 0. 0. 0.
    6.0445919266252849e+02</data></covs2>
<weights2 type_id="opencv-matrix">
  <rows>1</rows>
  <cols>3</cols>
  <dt>d</dt>
  <data>
    6.9816133497079635e-01 4.6528715089453977e-02 2.5530994993974754e-01</data></weights2>
<means3 type_id="opencv-matrix">
  <rows>3</rows>
  <cols>3</cols>
  <dt>d</dt>
  <data>
    3.0878105724232643e+01 2.6352254637887409e+01 1.7409726803078037e+01
    8.3958940029706099e+01 8.8494096460607764e+01 5.7244443800905117e+01
    2.0419411712199715e+02 2.0130449516042017e+02 1.7812142812369916e+02</data></means3>
<covs3 type_id="opencv-matrix">
  <rows>3</rows>
  <cols>3</cols>
  <dt>"3d"</dt>
  <data>
    8.7937134035650956e+01 0. 0. 0. 8.3497809604587076e+01 0. 0. 0.
    4.8660207947855483e+01 5.1883134440807498e+02 0. 0. 0.
    7.7179613952256011e+02 0. 0. 0. 5.9310685363929258e+02
    1.0931072289622830e+03 0. 0. 0. 1.2120590808803506e+03 0. 0. 0.
    1.0865072630679967e+03</data></covs3>
<weights3 type_id="opencv-matrix">
  <rows>1</rows>
  <cols>3</cols>
  <dt>d</dt>
  <data>
    7.2693539368772853e-01 2.5630092347371214e-01 1.6763682838560588e-02</data></weights3>
</opencv_storage>
