<?xml version="1.0"?>
<opencv_storage>
<means0 type_id="opencv-matrix">
  <rows>3</rows>
  <cols>3</cols>
  <dt>d</dt>
  <data>
    7.7434204120999766e+01 7.1412366939255534e+01 6.1345949742424089e+01
    5.2189835981885366e+01 4.6207512653830953e+01 3.0817001513283198e+01
    1.1272595581962420e+02 1.1690154430243996e+02 7.2812464636169068e+01</data></means0>
<covs0 type_id="opencv-matrix">
  <rows>3</rows>
  <cols>3</cols>
  <dt>"3d"</dt>
  <data>
    5.2225624210037800e+01 0. 0. 0. 5.3723392410449655e+01 0. 0. 0.
    1.6452458894887531e+02 9.3686898182691479e+01 0. 0. 0.
    1.2190950532889234e+02 0. 0. 0. 1.0837867210407630e+02
    4.1518879754595281e+02 0. 0. 0. 5.1703088450187465e+02 0. 0. 0.
    1.0607255216731276e+03</data></covs0>
<weights0 type_id="opencv-matrix">
  <rows>1</rows>
  <cols>3</cols>
  <dt>d</dt>
  <data>
    3.9605439038264978e-01 2.4604023344668141e-01 3.5790537617066748e-01</data></weights0>
<means1 type_id="opencv-matrix">
  <rows>3</rows>
  <cols>3</cols>
  <dt>d</dt>
  <data>
    3.7333160739410431e+01 3.0286129816480134e+01 2.2783365398729888e+01
    1.4309970934252163e+02 1.2683294979764409e+02 9.8320191050074826e+01
    8.7617654675745385e+01 7.4129389734696204e+01 5.6357502767312553e+01</data></means1>
<covs1 type_id="opencv-matrix">
  <rows>3</rows>
  <cols>3</cols>
  <dt>"3d"</dt>
  <data>
    3.7808701208042429e+01 0. 0. 0. 3.4145403006300064e+01 0. 0. 0.
    4.3061017177031253e+01 9.8555516957434907e+02 0. 0. 0.
    1.0978731296007550e+03 0. 0. 0. 1.0192868631615663e+03
    2.8827113267837802e+02 0. 0. 0. 1.9216799561672462e+02 0. 0. 0.
    2.1699301052490122e+02</data></covs1>
<weights1 type_id="opencv-matrix">
  <rows>1</rows>
  <cols>3</cols>
  <dt>d</dt>
  <data>
    2.2403858444769847e-01 1.9106058056882011e-01 5.8490083498348289e-01</data></weights1>
<means2 type_id="opencv-matrix">
  <rows>3</rows>
  <cols>3</cols>
  <dt>d</dt>
  <data>
    2.2494736907995713e+02 2.2415015099736010e+02 1.8403258304457574e+02
    5.3867920743887673e+01 4.8780219136472539e+01 3.1364882064911711e+01
    1.1545618229608158e+02 1.1980288455649141e+02 7.2127938484463982e+01</data></means2>
<covs2 type_id="opencv-matrix">
  <rows>3</rows>
  <cols>3</cols>
  <dt>"3d"</dt>
  <data>
    1.0556203335097091e+03 0. 0. 0. 1.0619582611391841e+03 0. 0. 0.
    8.4979918208748222e+02 2.0943233497074181e+02 0. 0. 0.
    2.5276139203925169e+02 0. 0. 0. 2.1294913337437438e+02
    1.5151387803240985e+02 0. 0. 0. 3.3188301142408437e+02 0. 0. 0.
    6.7331754660288550e+02</data></covs2>
<weights2 type_id="opencv-matrix">
  <rows>1</rows>
  <cols>3</cols>
  <dt>d</dt>
  <data>
    4.6091913694137017e-02 5.6552757908951412e-01 3.8838050721635009e-01</data></weights2>
<means3 type_id="opencv-matrix">
  <rows>3</rows>
  <cols>3</cols>
  <dt>d</dt>
  <data>
    9.6610161185167470e+01 8.8767597401013830e+01 5.1952166390819741e+01
    3.9627342521131894e+01 3.0758279470118936e+01 1.9739220472886213e+01
    1.4649373648249346e+02 1.3326337072229413e+02 9.8624121944182647e+01</data></means3>
<covs3 type_id="opencv-matrix">
  <rows>3</rows>
  <cols>3</cols>
  <dt>"3d"</dt>
  <data>
    3.8046296206254942e+02 0. 0. 0. 4.3495722070395851e+02 0. 0. 0.
    2.3120640858468931e+02 3.0404140391188928e+01 0. 0. 0.
    3.6289744260148339e+01 0. 0. 0. 2.8423646602838396e+01
    5.0061537423544848e+02 0. 0. 0. 6.3575022154211035e+02 0. 0. 0.
    1.0237074900064035e+03</data></covs3>
<weights3 type_id="opencv-matrix">
  <rows>1</rows>
  <cols>3</cols>
  <dt>d</dt>
  <data>
    5.6351087700787394e-01 2.9909188128059011e-01 1.3739724171153522e-01</data></weights3>
</opencv_storage>
