<?xml version="1.0"?>
<opencv_storage>
<means0 type_id="opencv-matrix">
  <rows>3</rows>
  <cols>3</cols>
  <dt>d</dt>
  <data>
    5.2086053734436177e+01 4.4874709418439103e+01 3.1911451493551262e+01
    1.5580050646259480e+02 1.5886614267132339e+02 1.2958729146252432e+02
    9.3290984689983247e+01 9.4453400963034639e+01 6.0214527694784245e+01</data></means0>
<covs0 type_id="opencv-matrix">
  <rows>3</rows>
  <cols>3</cols>
  <dt>"3d"</dt>
  <data>
    1.2843766298972284e+02 0. 0. 0. 1.1635339484460415e+02 0. 0. 0.
    1.1818718994783777e+02 8.1801715610887049e+02 0. 0. 0.
    9.3122245038684594e+02 0. 0. 0. 8.6154011885485386e+02
    2.0924967238287965e+02 0. 0. 0. 2.6964458786720212e+02 0. 0. 0.
    4.9209085909637156e+02</data></covs0>
<weights0 type_id="opencv-matrix">
  <rows>1</rows>
  <cols>3</cols>
  <dt>d</dt>
  <data>
    5.1872272808435393e-01 9.7396311945314326e-02 3.8388095997032956e-01</data></weights0>
<means1 type_id="opencv-matrix">
  <rows>3</rows>
  <cols>3</cols>
  <dt>d</dt>
  <data>
    8.5575589228315252e+01 8.3890820992844439e+01 5.3340377282720567e+01
    4.8331993446118176e+01 4.2273130055903472e+01 2.9444677996273885e+01
    1.4426576670199282e+02 1.4696716371222047e+02 1.2320785797495735e+02</data></means1>
<covs1 type_id="opencv-matrix">
  <rows>3</rows>
  <cols>3</cols>
  <dt>"3d"</dt>
  <data>
    2.9801007977057708e+02 0. 0. 0. 3.6186508523261381e+02 0. 0. 0.
    2.5011856197914400e+02 7.9261406753627909e+01 0. 0. 0.
    6.2678542841955860e+01 0. 0. 0. 7.7684993505401891e+01
    7.7881138478294429e+02 0. 0. 0. 1.1035575005868752e+03 0. 0. 0.
    1.4629115344693207e+03</data></covs1>
<weights1 type_id="opencv-matrix">
  <rows>1</rows>
  <cols>3</cols>
  <dt>d</dt>
  <data>
    3.4230885512163761e-01 4.7361311478654849e-01 1.8407803009181323e-01</data></weights1>
<means2 type_id="opencv-matrix">
  <rows>3</rows>
  <cols>3</cols>
  <dt>d</dt>
  <data>
    1.0646942191421152e+02 1.1278836904490976e+02 6.4000288510244388e+01
    6.3304599870714597e+01 5.8197776398426186e+01 4.5649605602270185e+01
    1.8193037317691503e+02 1.8014767455172455e+02 1.5695856463199962e+02</data></means2>
<covs2 type_id="opencv-matrix">
  <rows>3</rows>
  <cols>3</cols>
  <dt>"3d"</dt>
  <data>
    1.7725857641968406e+02 0. 0. 0. 3.9491729356012496e+02 0. 0. 0.
    4.5628436576378812e+02 2.0909369572744990e+02 0. 0. 0.
    2.1576610751248955e+02 0. 0. 0. 2.6711314038600580e+02
    1.5537787352466271e+03 0. 0. 0. 1.6928672581896744e+03 0. 0. 0.
    5.9066437635256125e+02</data></covs2>
<weights2 type_id="opencv-matrix">
  <rows>1</rows>
  <cols>3</cols>
  <dt>d</dt>
  <data>
    3.1807575962438867e-01 6.4842522461120200e-01 3.3499015764409147e-02</data></weights2>
<means3 type_id="opencv-matrix">
  <rows>3</rows>
  <cols>3</cols>
  <dt>d</dt>
  <data>
    7.8491405354039884e+01 7.4978197862549806e+01 6.6118000517068907e+01
    1.6011064976663255e+02 1.5892608890424833e+02 1.3328201124053419e+02
    3.6988950894032307e+01 3.1849671332170416e+01 2.3125359791442520e+01</data></means3>
<covs3 type_id="opencv-matrix">
  <rows>3</rows>
  <cols>3</cols>
  <dt>"3d"</dt>
  <data>
    2.1897222065721343e+02 0. 0. 0. 2.3800004673766915e+02 0. 0. 0.
    2.4643992031402846e+02 2.4200018496854118e+03 0. 0. 0.
    2.3576964429401837e+03 0. 0. 0. 2.1002812895457191e+03
    1.0009853576730764e+02 0. 0. 0. 1.0058421690857782e+02 0. 0. 0.
    7.6242702061440170e+01</data></covs3>
<weights3 type_id="opencv-matrix">
  <rows>1</rows>
  <cols>3</cols>
  <dt>d</dt>
  <data>
    4.7160373780855885e-01 1.8579012938488326e-01 3.4260613280655949e-01</data></weights3>
</opencv_storage>
