<?xml version="1.0"?>
<opencv_storage>
<means0 type_id="opencv-matrix">
  <rows>3</rows>
  <cols>3</cols>
  <dt>d</dt>
  <data>
    8.9859552987358228e+01 8.9754500593772306e+01 6.2151886521355465e+01
    5.7940660938892755e+01 5.2270752147787114e+01 3.9582280622118503e+01
    1.5970103759069923e+02 1.5654506889549262e+02 1.3185661331693396e+02</data></means0>
<covs0 type_id="opencv-matrix">
  <rows>3</rows>
  <cols>3</cols>
  <dt>"3d"</dt>
  <data>
    2.1341717346333022e+02 0. 0. 0. 4.5862252018999635e+02 0. 0. 0.
    3.1677624898788332e+02 1.0913270473270818e+02 0. 0. 0.
    1.1977594884130765e+02 0. 0. 0. 1.4707892598920543e+02
    4.6397209146756632e+02 0. 0. 0. 4.9899264693484838e+02 0. 0. 0.
    2.5348657204516704e+02</data></covs0>
<weights0 type_id="opencv-matrix">
  <rows>1</rows>
  <cols>3</cols>
  <dt>d</dt>
  <data>
    4.2964679658131222e-01 5.4218460263117207e-01 2.8168600787514191e-02</data></weights0>
<means1 type_id="opencv-matrix">
  <rows>3</rows>
  <cols>3</cols>
  <dt>d</dt>
  <data>
    9.7939967562866258e+01 1.0060538012568125e+02 5.9260622039430643e+01
    4.4724350082109019e+01 3.8632658610763158e+01 2.7308260329219792e+01
    1.6970505673788244e+02 1.7478067084634111e+02 1.4731038444804040e+02</data></means1>
<covs1 type_id="opencv-matrix">
  <rows>3</rows>
  <cols>3</cols>
  <dt>"3d"</dt>
  <data>
    3.9513342491855104e+02 0. 0. 0. 6.1312808804984331e+02 0. 0. 0.
    3.5168432206088733e+02 1.8484188548569617e+02 0. 0. 0.
    1.6335093598896026e+02 0. 0. 0. 1.2093635698874111e+02
    1.6348922574219714e+03 0. 0. 0. 1.4726526366523667e+03 0. 0. 0.
    1.0145644633050289e+03</data></covs1>
<weights1 type_id="opencv-matrix">
  <rows>1</rows>
  <cols>3</cols>
  <dt>d</dt>
  <data>
    3.9276637406661519e-01 5.4660225742501578e-01 6.0631368508367353e-02</data></weights1>
<means2 type_id="opencv-matrix">
  <rows>3</rows>
  <cols>3</cols>
  <dt>d</dt>
  <data>
    3.4029477097698610e+01 2.5910641318500570e+01 1.5225764790247620e+01
    9.1199343942841921e+01 8.2418090522815461e+01 5.2951550204672309e+01
    1.8878489412857886e+02 1.8580111736319640e+02 1.4950705639350531e+02</data></means2>
<covs2 type_id="opencv-matrix">
  <rows>3</rows>
  <cols>3</cols>
  <dt>"3d"</dt>
  <data>
    1.6871460148440001e+01 0. 0. 0. 3.0390217429637417e+01 0. 0. 0.
    2.0125397624810802e+01 4.0310844537441847e+02 0. 0. 0.
    3.5889271668517512e+02 0. 0. 0. 3.0463511547018635e+02
    3.5379573797175624e+02 0. 0. 0. 4.5677331990006644e+02 0. 0. 0.
    4.4118088572168267e+02</data></covs2>
<weights2 type_id="opencv-matrix">
  <rows>1</rows>
  <cols>3</cols>
  <dt>d</dt>
  <data>
    3.1174579563125376e-01 6.6895899143982851e-01 1.9295212928918976e-02</data></weights2>
<means3 type_id="opencv-matrix">
  <rows>3</rows>
  <cols>3</cols>
  <dt>d</dt>
  <data>
    3.3499706589149682e+01 2.7332007058724297e+01 1.8257418887124850e+01
    9.8482409126867481e+01 1.0774680557489208e+02 4.9936165225202991e+01
    2.0183176162433077e+02 2.0065046818537189e+02 1.6540128788806592e+02</data></means3>
<covs3 type_id="opencv-matrix">
  <rows>3</rows>
  <cols>3</cols>
  <dt>"3d"</dt>
  <data>
    6.7091616158453363e+01 0. 0. 0. 6.4315984154815851e+01 0. 0. 0.
    3.6061943724557864e+01 6.4348214386036079e+02 0. 0. 0.
    1.0162910823353467e+03 0. 0. 0. 2.8971701676685052e+02
    7.7529081191461057e+02 0. 0. 0. 7.0124500996620327e+02 0. 0. 0.
    3.5488711591460992e+02</data></covs3>
<weights3 type_id="opencv-matrix">
  <rows>1</rows>
  <cols>3</cols>
  <dt>d</dt>
  <data>
    5.7593138487871609e-01 3.8140688922683397e-01 4.2661725894452891e-02</data></weights3>
</opencv_storage>
