<?xml version="1.0"?>
<opencv_storage>
<means0 type_id="opencv-matrix">
  <rows>3</rows>
  <cols>3</cols>
  <dt>d</dt>
  <data>
    6.1839912893814628e+01 5.9244939087828655e+01 3.6073143066241450e+01
    1.1018136823696447e+02 1.2227996742511358e+02 5.0972843431936013e+01
    7.9975105132568757e+01 7.5891400121483443e+01 5.9065136599671575e+01</data></means0>
<covs0 type_id="opencv-matrix">
  <rows>3</rows>
  <cols>3</cols>
  <dt>"3d"</dt>
  <data>
    7.3195659675682222e+01 0. 0. 0. 8.7152123200636581e+01 0. 0. 0.
    9.6006268530563318e+01 2.0382362423233945e+02 0. 0. 0.
    2.6093653370772762e+02 0. 0. 0. 2.1810031790025087e+02
    3.6867331201261706e+01 0. 0. 0. 4.9488293533938872e+01 0. 0. 0.
    1.9821186893984205e+02</data></covs0>
<weights0 type_id="opencv-matrix">
  <rows>1</rows>
  <cols>3</cols>
  <dt>d</dt>
  <data>
    3.3430025206927644e-01 3.7871105447287601e-01 2.8698869345784767e-01</data></weights0>
<means1 type_id="opencv-matrix">
  <rows>3</rows>
  <cols>3</cols>
  <dt>d</dt>
  <data>
    3.4453505412894458e+01 2.6249323981769969e+01 1.8281225575949605e+01
    8.5138212060315155e+01 8.7230235790306395e+01 4.4479007522834948e+01
    2.0700300173505909e+02 2.0797177177927136e+02 1.7332098339428111e+02</data></means1>
<covs1 type_id="opencv-matrix">
  <rows>3</rows>
  <cols>3</cols>
  <dt>"3d"</dt>
  <data>
    1.9356538762953548e+01 0. 0. 0. 2.2782195932380869e+01 0. 0. 0.
    1.5479898678163437e+01 6.9673684715395257e+02 0. 0. 0.
    1.0686486217926931e+03 0. 0. 0. 3.0031681405223571e+02
    5.0906347936966216e+02 0. 0. 0. 5.0008027840408380e+02 0. 0. 0.
    4.6163237724173752e+02</data></covs1>
<weights1 type_id="opencv-matrix">
  <rows>1</rows>
  <cols>3</cols>
  <dt>d</dt>
  <data>
    6.1654121576157117e-01 3.6218371792543069e-01 2.1275066312998473e-02</data></weights1>
<means2 type_id="opencv-matrix">
  <rows>3</rows>
  <cols>3</cols>
  <dt>d</dt>
  <data>
    3.6435424151536807e+01 2.7830366417634838e+01 1.6907026258540640e+01
    9.7173795390371282e+01 9.6641642541198777e+01 5.1617085846539545e+01
    1.5624492710699590e+02 1.4278302748834261e+02 1.1204050686222509e+02</data></means2>
<covs2 type_id="opencv-matrix">
  <rows>3</rows>
  <cols>3</cols>
  <dt>"3d"</dt>
  <data>
    2.3904182517796048e+01 0. 0. 0. 3.4882822520370311e+01 0. 0. 0.
    2.1893255876892233e+01 3.6045012358574496e+02 0. 0. 0.
    4.9190173490038268e+02 0. 0. 0. 2.5122829878879236e+02
    4.3877564644314532e+02 0. 0. 0. 6.6370786434795150e+02 0. 0. 0.
    5.4118005286424204e+02</data></covs2>
<weights2 type_id="opencv-matrix">
  <rows>1</rows>
  <cols>3</cols>
  <dt>d</dt>
  <data>
    3.4069660674016267e-01 5.8148555227518384e-01 7.7817840984651582e-02</data></weights2>
<means3 type_id="opencv-matrix">
  <rows>3</rows>
  <cols>3</cols>
  <dt>d</dt>
  <data>
    5.2746760066544987e+01 4.5260030926471302e+01 3.1903511089985408e+01
    9.6188233010367526e+01 9.5993581139590361e+01 6.1723791757425310e+01
    1.6358008519321493e+02 1.7027798896655784e+02 1.4388859608236828e+02</data></means3>
<covs3 type_id="opencv-matrix">
  <rows>3</rows>
  <cols>3</cols>
  <dt>"3d"</dt>
  <data>
    1.5803067486534039e+02 0. 0. 0. 1.4396696759677255e+02 0. 0. 0.
    1.3662380043612760e+02 2.7500221056089578e+02 0. 0. 0.
    2.9039685002595360e+02 0. 0. 0. 4.4155768796388446e+02
    1.0593038339138861e+03 0. 0. 0. 9.1425407787768938e+02 0. 0. 0.
    7.4646993535766183e+02</data></covs3>
<weights3 type_id="opencv-matrix">
  <rows>1</rows>
  <cols>3</cols>
  <dt>d</dt>
  <data>
    5.7978979561660537e-01 3.1945548441506066e-01 1.0075471996833073e-01</data></weights3>
</opencv_storage>
