<?xml version="1.0"?>
<opencv_storage>
<means0 type_id="opencv-matrix">
  <rows>3</rows>
  <cols>3</cols>
  <dt>d</dt>
  <data>
    9.7585670081420446e+01 9.6573113454383616e+01 5.8415822011725574e+01
    5.5271013764851411e+01 4.7494141330873887e+01 3.5359363876551122e+01
    1.5163746449626382e+02 1.6248395507555654e+02 1.2970678986823501e+02</data></means0>
<covs0 type_id="opencv-matrix">
  <rows>3</rows>
  <cols>3</cols>
  <dt>"3d"</dt>
  <data>
    3.2774322535242260e+02 0. 0. 0. 4.4891411260002303e+02 0. 0. 0.
    3.0622373432381534e+02 1.4829347196052430e+02 0. 0. 0.
    1.4675505662830344e+02 0. 0. 0. 1.2781059516177314e+02
    1.7012274262974904e+03 0. 0. 0. 1.2316727756122477e+03 0. 0. 0.
    9.4554916142778677e+02</data></covs0>
<weights0 type_id="opencv-matrix">
  <rows>1</rows>
  <cols>3</cols>
  <dt>d</dt>
  <data>
    4.1074485601535499e-01 5.0709660557738045e-01 8.2158538407264600e-02</data></weights0>
<means1 type_id="opencv-matrix">
  <rows>3</rows>
  <cols>3</cols>
  <dt>d</dt>
  <data>
    8.6124757429763818e+01 7.9854647270344628e+01 4.7138830981089995e+01
    1.4126375908044230e+02 1.3569910979496416e+02 9.1257729997837984e+01
    3.3714294169506189e+01 2.7756897167861915e+01 1.5885776041897163e+01</data></means1>
<covs1 type_id="opencv-matrix">
  <rows>3</rows>
  <cols>3</cols>
  <dt>"3d"</dt>
  <data>
    2.6222898326998074e+02 0. 0. 0. 3.3580870967227708e+02 0. 0. 0.
    1.6249053609663287e+02 1.0191455198834354e+03 0. 0. 0.
    1.0300130821443256e+03 0. 0. 0. 1.4506735417361194e+03
    6.6849742307700893e+01 0. 0. 0. 6.6537961001247680e+01 0. 0. 0.
    4.7134698587320436e+01</data></covs1>
<weights1 type_id="opencv-matrix">
  <rows>1</rows>
  <cols>3</cols>
  <dt>d</dt>
  <data>
    5.2052974633294369e-01 1.8402997384339653e-01 2.9544027982365678e-01</data></weights1>
<means2 type_id="opencv-matrix">
  <rows>3</rows>
  <cols>3</cols>
  <dt>d</dt>
  <data>
    7.7616492984126310e+01 8.2728677591364686e+01 3.8650743652927424e+01
    3.4444011752432573e+01 2.7245505913408909e+01 1.7932174006717876e+01
    1.3671120090445578e+02 1.3704344534194485e+02 1.0510780400178324e+02</data></means2>
<covs2 type_id="opencv-matrix">
  <rows>3</rows>
  <cols>3</cols>
  <dt>"3d"</dt>
  <data>
    3.9582508359199613e+02 0. 0. 0. 7.1271143702949610e+02 0. 0. 0.
    1.4558620502751600e+02 1.5372682503148415e+01 0. 0. 0.
    1.6542547541702248e+01 0. 0. 0. 1.8345463972163017e+01
    9.1177848041368975e+02 0. 0. 0. 8.2348574618454279e+02 0. 0. 0.
    6.9070107357233292e+02</data></covs2>
<weights2 type_id="opencv-matrix">
  <rows>1</rows>
  <cols>3</cols>
  <dt>d</dt>
  <data>
    3.3561779038284728e-01 5.8178145631275047e-01 8.2600753304400060e-02</data></weights2>
<means3 type_id="opencv-matrix">
  <rows>3</rows>
  <cols>3</cols>
  <dt>d</dt>
  <data>
    6.3698820514000232e+01 5.9430086583480595e+01 4.6355031781844680e+01
    1.9260128752101849e+02 1.9132795843613496e+02 1.5355989020990052e+02
    1.0679079836099756e+02 1.0764819879715193e+02 6.9333074574769867e+01</data></means3>
<covs3 type_id="opencv-matrix">
  <rows>3</rows>
  <cols>3</cols>
  <dt>"3d"</dt>
  <data>
    1.4225122617638883e+02 0. 0. 0. 1.1715968050286769e+02 0. 0. 0.
    1.4960355917784628e+02 3.6489587962849987e+02 0. 0. 0.
    3.6300042165283452e+02 0. 0. 0. 2.0969746973513472e+02
    1.7288017543627748e+02 0. 0. 0. 3.1515625930606484e+02 0. 0. 0.
    5.2994372150153265e+02</data></covs3>
<weights3 type_id="opencv-matrix">
  <rows>1</rows>
  <cols>3</cols>
  <dt>d</dt>
  <data>
    6.8290761092994623e-01 6.7993177440932237e-02 2.4909921162912141e-01</data></weights3>
</opencv_storage>
