<?xml version="1.0"?>
<opencv_storage>
<means0 type_id="opencv-matrix">
  <rows>3</rows>
  <cols>3</cols>
  <dt>d</dt>
  <data>
    9.0441022523999422e+01 9.1234624065436819e+01 6.0710757344526257e+01
    1.8772720253702522e+02 1.8629746953927540e+02 1.5357748657462389e+02
    5.6321969313213387e+01 5.2592917747579968e+01 3.5898872167519599e+01</data></means0>
<covs0 type_id="opencv-matrix">
  <rows>3</rows>
  <cols>3</cols>
  <dt>"3d"</dt>
  <data>
    2.7119031519985435e+02 0. 0. 0. 5.5717890342960141e+02 0. 0. 0.
    2.7355240370180053e+02 1.1723657059991924e+03 0. 0. 0.
    1.1447834465595290e+03 0. 0. 0. 7.7340873296710322e+02
    1.2689472727515007e+02 0. 0. 0. 1.2212559995044222e+02 0. 0. 0.
    1.0113211791649015e+02</data></covs0>
<weights0 type_id="opencv-matrix">
  <rows>1</rows>
  <cols>3</cols>
  <dt>d</dt>
  <data>
    5.5224398509740191e-01 8.1513657102716283e-02 3.6624235779988440e-01</data></weights0>
<means1 type_id="opencv-matrix">
  <rows>3</rows>
  <cols>3</cols>
  <dt>d</dt>
  <data>
    1.0163552688454702e+02 1.1551921624626213e+02 4.1613628060760703e+01
    5.4030289262488118e+01 4.8377446860018715e+01 2.9862377846871734e+01
    1.2045674411468354e+02 1.2058103599841404e+02 8.7188709692862219e+01</data></means1>
<covs1 type_id="opencv-matrix">
  <rows>3</rows>
  <cols>3</cols>
  <dt>"3d"</dt>
  <data>
    5.0362131772261847e+01 0. 0. 0. 8.6335183534348147e+01 0. 0. 0.
    2.1283721256487979e+01 2.1883282656592345e+02 0. 0. 0.
    2.6574361800945945e+02 0. 0. 0. 1.4387944187290293e+02
    1.2750187849195104e+03 0. 0. 0. 1.3863395615489037e+03 0. 0. 0.
    1.4144977586988905e+03</data></covs1>
<weights1 type_id="opencv-matrix">
  <rows>1</rows>
  <cols>3</cols>
  <dt>d</dt>
  <data>
    4.2850809422939179e-01 3.7300854586837145e-01 1.9848335990223681e-01</data></weights1>
<means2 type_id="opencv-matrix">
  <rows>3</rows>
  <cols>3</cols>
  <dt>d</dt>
  <data>
    5.1685013495060431e+01 4.6180605544143347e+01 2.7187696917138641e+01
    1.0336517933204323e+02 1.1037997778198461e+02 5.4870858123935626e+01
    2.0769749865831335e+02 2.0849101235543458e+02 1.6392592084109137e+02</data></means2>
<covs2 type_id="opencv-matrix">
  <rows>3</rows>
  <cols>3</cols>
  <dt>"3d"</dt>
  <data>
    1.5875198213423485e+02 0. 0. 0. 1.9493470667441997e+02 0. 0. 0.
    1.2694500135569933e+02 1.6420481981053211e+02 0. 0. 0.
    2.2454670806896536e+02 0. 0. 0. 4.5800814978720223e+02
    7.2689068201024543e+02 0. 0. 0. 7.0730004434112254e+02 0. 0. 0.
    5.2530690620474172e+02</data></covs2>
<weights2 type_id="opencv-matrix">
  <rows>1</rows>
  <cols>3</cols>
  <dt>d</dt>
  <data>
    4.3946842782525930e-01 5.2160566352012494e-01 3.8925908654618244e-02</data></weights2>
<means3 type_id="opencv-matrix">
  <rows>3</rows>
  <cols>3</cols>
  <dt>d</dt>
  <data>
    9.7182657976942707e+01 1.0852832494708508e+02 4.5204197373351320e+01
    3.3569900729234099e+01 2.7777010070688100e+01 1.8182443332871287e+01
    1.8640057173911984e+02 1.8392423566072640e+02 1.4734353852856972e+02</data></means3>
<covs3 type_id="opencv-matrix">
  <rows>3</rows>
  <cols>3</cols>
  <dt>"3d"</dt>
  <data>
    2.2972361674745795e+02 0. 0. 0. 4.0404222994061962e+02 0. 0. 0.
    8.4653325352352311e+01 1.0833423164151031e+02 0. 0. 0.
    1.1445599067940296e+02 0. 0. 0. 6.0637473100870359e+01
    2.0416758025739655e+03 0. 0. 0. 2.1622554301324158e+03 0. 0. 0.
    1.5979925492877362e+03</data></covs3>
<weights3 type_id="opencv-matrix">
  <rows>1</rows>
  <cols>3</cols>
  <dt>d</dt>
  <data>
    3.8296952489811342e-01 5.7052822512444024e-01 4.6502249977446328e-02</data></weights3>
</opencv_storage>
