<?xml version="1.0"?>
<opencv_storage>
<means0 type_id="opencv-matrix">
  <rows>3</rows>
  <cols>3</cols>
  <dt>d</dt>
  <data>
    2.8449163212622050e+01 2.2843131018996417e+01 1.5247889635003766e+01
    1.8930697723669584e+02 1.9036029849831843e+02 1.6184273878387171e+02
    9.2420979733466311e+01 1.0019654703206649e+02 4.8825835347449939e+01</data></means0>
<covs0 type_id="opencv-matrix">
  <rows>3</rows>
  <cols>3</cols>
  <dt>"3d"</dt>
  <data>
    4.6862929370556131e+01 0. 0. 0. 3.9770584121121722e+01 0. 0. 0.
    2.3683573175051048e+01 1.5191634413296320e+03 0. 0. 0.
    1.3180315798380077e+03 0. 0. 0. 7.4490185245672671e+02
    6.6675355486727710e+02 0. 0. 0. 1.0526246241145127e+03 0. 0. 0.
    2.7482132944548829e+02</data></covs0>
<weights0 type_id="opencv-matrix">
  <rows>1</rows>
  <cols>3</cols>
  <dt>d</dt>
  <data>
    5.9021299939388494e-01 3.8467977204255530e-02 3.7131902340186074e-01</data></weights0>
<means1 type_id="opencv-matrix">
  <rows>3</rows>
  <cols>3</cols>
  <dt>d</dt>
  <data>
    9.0923716793498713e+01 9.0860854421403118e+01 5.7549960794046498e+01
    4.7869039607848023e+01 4.2880405432984105e+01 2.8380935129938631e+01
    1.5029623543020864e+02 1.5680478610160102e+02 1.1410193619007222e+02</data></means1>
<covs1 type_id="opencv-matrix">
  <rows>3</rows>
  <cols>3</cols>
  <dt>"3d"</dt>
  <data>
    3.5268034749333304e+02 0. 0. 0. 5.0862613309377446e+02 0. 0. 0.
    3.2731215079663718e+02 1.0834913436421115e+02 0. 0. 0.
    1.0214191497307938e+02 0. 0. 0. 1.3478386505953299e+02
    1.4775520760483535e+03 0. 0. 0. 1.3030480939940276e+03 0. 0. 0.
    2.0061022457958850e+03</data></covs1>
<weights1 type_id="opencv-matrix">
  <rows>1</rows>
  <cols>3</cols>
  <dt>d</dt>
  <data>
    4.2696790667646928e-01 3.8950541637141628e-01 1.8352667695211450e-01</data></weights1>
<means2 type_id="opencv-matrix">
  <rows>3</rows>
  <cols>3</cols>
  <dt>d</dt>
  <data>
    9.1965181613723274e+01 8.2974913323451418e+01 5.3596921461430597e+01
    1.5807819797777120e+02 1.4998582803110568e+02 1.2351059478354257e+02
    3.3707658929484481e+01 2.5720222157506122e+01 1.3900834208157164e+01</data></means2>
<covs2 type_id="opencv-matrix">
  <rows>3</rows>
  <cols>3</cols>
  <dt>"3d"</dt>
  <data>
    4.0145488000363520e+02 0. 0. 0. 3.1092444030035767e+02 0. 0. 0.
    2.6085960762090400e+02 1.3924194293238784e+03 0. 0. 0.
    1.2930594571940587e+03 0. 0. 0. 7.5359749777809111e+02
    2.1498954251675588e+01 0. 0. 0. 3.4582690258503860e+01 0. 0. 0.
    2.0920959870567113e+01</data></covs2>
<weights2 type_id="opencv-matrix">
  <rows>1</rows>
  <cols>3</cols>
  <dt>d</dt>
  <data>
    6.4490447692147057e-01 1.0143415791962206e-01 2.5366136515890625e-01</data></weights2>
<means3 type_id="opencv-matrix">
  <rows>3</rows>
  <cols>3</cols>
  <dt>d</dt>
  <data>
    5.1780017686161891e+01 4.6894388184165990e+01 3.1965290813932761e+01
    1.0243777632026151e+02 1.0799896643658120e+02 6.5049067191582282e+01
    7.0729902203280218e+01 6.5344628122392777e+01 5.3440481359719548e+01</data></means3>
<covs3 type_id="opencv-matrix">
  <rows>3</rows>
  <cols>3</cols>
  <dt>"3d"</dt>
  <data>
    5.4474474753127296e+01 0. 0. 0. 5.4199457967217462e+01 0. 0. 0.
    7.8699396586541610e+01 3.6273870909829338e+02 0. 0. 0.
    5.4846272358605211e+02 0. 0. 0. 8.4039920086840550e+02
    3.9213783002723098e+01 0. 0. 0. 3.9939909748882286e+01 0. 0. 0.
    1.5790864439290999e+02</data></covs3>
<weights3 type_id="opencv-matrix">
  <rows>1</rows>
  <cols>3</cols>
  <dt>d</dt>
  <data>
    2.3345429974175641e-01 4.2974771848032695e-01 3.3679798177791587e-01</data></weights3>
</opencv_storage>
