<?xml version="1.0"?>
<opencv_storage>
<means0 type_id="opencv-matrix">
  <rows>3</rows>
  <cols>3</cols>
  <dt>d</dt>
  <data>
    1.4949860104105625e+02 1.4952139364269209e+02 1.2948624232849113e+02
    3.6173883309743061e+01 2.8199604232329563e+01 1.9208929068210391e+01
    9.1751316437172761e+01 1.0038936203184957e+02 4.2750609481475813e+01</data></means0>
<covs0 type_id="opencv-matrix">
  <rows>3</rows>
  <cols>3</cols>
  <dt>"3d"</dt>
  <data>
    2.4898496743961982e+03 0. 0. 0. 2.3839025829811494e+03 0. 0. 0.
    1.1892916565065379e+03 3.5908571771147564e+01 0. 0. 0.
    4.7129205317005066e+01 0. 0. 0. 2.2018126702306823e+01
    3.9405488785482589e+02 0. 0. 0. 7.5792941911363414e+02 0. 0. 0.
    8.8470501824517385e+01</data></covs0>
<weights0 type_id="opencv-matrix">
  <rows>1</rows>
  <cols>3</cols>
  <dt>d</dt>
  <data>
    4.2819309877301343e-02 5.1678376806906545e-01 4.4039692205363673e-01</data></weights0>
<means1 type_id="opencv-matrix">
  <rows>3</rows>
  <cols>3</cols>
  <dt>d</dt>
  <data>
    1.0982892904190290e+02 1.1253164707371863e+02 5.4141681286427456e+01
    4.6509196176756220e+01 4.1654317955711228e+01 2.3124999348439822e+01
    1.9697797582876871e+02 1.8700171630651076e+02 1.5553454217549290e+02</data></means1>
<covs1 type_id="opencv-matrix">
  <rows>3</rows>
  <cols>3</cols>
  <dt>"3d"</dt>
  <data>
    1.5334558107860940e+02 0. 0. 0. 4.0360415126858476e+02 0. 0. 0.
    1.4016012172780896e+02 2.8729405470667626e+02 0. 0. 0.
    3.4671782751031157e+02 0. 0. 0. 7.7333832630030557e+01
    1.4942774365950409e+03 0. 0. 0. 1.8734454148173666e+03 0. 0. 0.
    1.5492038173258106e+03</data></covs1>
<weights1 type_id="opencv-matrix">
  <rows>1</rows>
  <cols>3</cols>
  <dt>d</dt>
  <data>
    6.3104514701027936e-01 3.3374636937979291e-01 3.5208483609922354e-02</data></weights1>
<means2 type_id="opencv-matrix">
  <rows>3</rows>
  <cols>3</cols>
  <dt>d</dt>
  <data>
    9.2739258394895785e+01 9.5725740015356990e+01 6.3182950081077003e+01
    6.1091092434806221e+01 5.5491587665823431e+01 4.4768750326524774e+01
    1.7363699210877800e+02 1.7420526079024503e+02 1.4768663248002187e+02</data></means2>
<covs2 type_id="opencv-matrix">
  <rows>3</rows>
  <cols>3</cols>
  <dt>"3d"</dt>
  <data>
    1.3488849798691922e+02 0. 0. 0. 1.9971842235132237e+02 0. 0. 0.
    7.3294444522674348e+02 1.3065930961705368e+02 0. 0. 0.
    1.2606555139366579e+02 0. 0. 0. 1.9248217962268774e+02
    9.5058079697598453e+02 0. 0. 0. 8.9701846736336074e+02 0. 0. 0.
    3.9312358771196921e+02</data></covs2>
<weights2 type_id="opencv-matrix">
  <rows>1</rows>
  <cols>3</cols>
  <dt>d</dt>
  <data>
    2.4253557272517695e-01 6.9572878616077838e-01 6.1735641114046107e-02</data></weights2>
<means3 type_id="opencv-matrix">
  <rows>3</rows>
  <cols>3</cols>
  <dt>d</dt>
  <data>
    3.7916595600742717e+01 3.0239355685293180e+01 2.0460469272925753e+01
    1.0233830471269968e+02 1.1320821310575283e+02 4.9242290542403794e+01
    1.9599152829135326e+02 1.9604655616857747e+02 1.6173440293089411e+02</data></means3>
<covs3 type_id="opencv-matrix">
  <rows>3</rows>
  <cols>3</cols>
  <dt>"3d"</dt>
  <data>
    5.3123193701396282e+01 0. 0. 0. 7.0377957866070261e+01 0. 0. 0.
    4.4425241212479314e+01 3.2236867142122281e+02 0. 0. 0.
    6.1534282911596551e+02 0. 0. 0. 1.3131595913804480e+02
    1.9679085542578950e+03 0. 0. 0. 1.9380171186966554e+03 0. 0. 0.
    1.0258788304464365e+03</data></covs3>
<weights3 type_id="opencv-matrix">
  <rows>1</rows>
  <cols>3</cols>
  <dt>d</dt>
  <data>
    6.4182168550070651e-01 3.0195218346150049e-01 5.6226131037796917e-02</data></weights3>
</opencv_storage>
