<?xml version="1.0"?>
<opencv_storage>
<means0 type_id="opencv-matrix">
  <rows>3</rows>
  <cols>3</cols>
  <dt>d</dt>
  <data>
    8.6630697789296278e+01 8.3723161045727892e+01 6.3365661459966674e+01
    6.0137787464411353e+01 5.5225777745356801e+01 3.8464033242207002e+01
    1.4223518494091630e+02 1.3705481755445152e+02 1.1758810171360018e+02</data></means0>
<covs0 type_id="opencv-matrix">
  <rows>3</rows>
  <cols>3</cols>
  <dt>"3d"</dt>
  <data>
    1.2248778861351877e+02 0. 0. 0. 2.5254900515324792e+02 0. 0. 0.
    2.7455224676986097e+02 1.4103922943925159e+02 0. 0. 0.
    1.5234721853445961e+02 0. 0. 0. 1.3549155584470910e+02
    6.6076255420479015e+02 0. 0. 0. 7.1853375432596613e+02 0. 0. 0.
    3.3314906630058312e+02</data></covs0>
<weights0 type_id="opencv-matrix">
  <rows>1</rows>
  <cols>3</cols>
  <dt>d</dt>
  <data>
    5.3632901088195306e-01 3.9923185993532267e-01 6.4439129182726013e-02</data></weights0>
<means1 type_id="opencv-matrix">
  <rows>3</rows>
  <cols>3</cols>
  <dt>d</dt>
  <data>
    3.5786087155752021e+01 3.0887300649042935e+01 1.6413287966443121e+01
    1.0136060499745730e+02 9.7991472416252279e+01 5.2869797444624197e+01
    1.6967658640591324e+02 1.5140810823682946e+02 1.1863724689275445e+02</data></means1>
<covs1 type_id="opencv-matrix">
  <rows>3</rows>
  <cols>3</cols>
  <dt>"3d"</dt>
  <data>
    1.1526002649876229e+02 0. 0. 0. 1.4663721883513958e+02 0. 0. 0.
    6.4764669546703288e+01 3.8487377412164750e+02 0. 0. 0.
    6.0142638063828474e+02 0. 0. 0. 2.0116549418772459e+02
    8.8501731138264495e+02 0. 0. 0. 1.3435291017450954e+03 0. 0. 0.
    1.4138284782243693e+03</data></covs1>
<weights1 type_id="opencv-matrix">
  <rows>1</rows>
  <cols>3</cols>
  <dt>d</dt>
  <data>
    3.3877559307677546e-01 5.6894300846525003e-01 9.2281398457974034e-02</data></weights1>
<means2 type_id="opencv-matrix">
  <rows>3</rows>
  <cols>3</cols>
  <dt>d</dt>
  <data>
    3.4822811837254818e+01 2.9544356440797898e+01 1.9646756647102837e+01
    1.4086549171379318e+02 1.3911284330296209e+02 1.0666848954786174e+02
    8.2653541345652997e+01 7.7415323077442864e+01 5.1417899916707142e+01</data></means2>
<covs2 type_id="opencv-matrix">
  <rows>3</rows>
  <cols>3</cols>
  <dt>"3d"</dt>
  <data>
    9.8873469518265239e+01 0. 0. 0. 9.1263369026929340e+01 0. 0. 0.
    7.2587714323162118e+01 1.4263729491791555e+03 0. 0. 0.
    1.3145963391048176e+03 0. 0. 0. 1.5242957174817157e+03
    3.0058987268701759e+02 0. 0. 0. 3.9026262985642563e+02 0. 0. 0.
    1.2979894676837250e+02</data></covs2>
<weights2 type_id="opencv-matrix">
  <rows>1</rows>
  <cols>3</cols>
  <dt>d</dt>
  <data>
    2.8893939777621319e-01 2.8593507695335085e-01 4.2512552527043507e-01</data></weights2>
<means3 type_id="opencv-matrix">
  <rows>3</rows>
  <cols>3</cols>
  <dt>d</dt>
  <data>
    9.9221556698035755e+01 1.0229075474074571e+02 5.4494767450039305e+01
    5.1018353071629278e+01 4.3802935206467758e+01 2.9312252446613400e+01
    1.6076349231314867e+02 1.6049816292913485e+02 1.3240947666144970e+02</data></means3>
<covs3 type_id="opencv-matrix">
  <rows>3</rows>
  <cols>3</cols>
  <dt>"3d"</dt>
  <data>
    2.3575492525936895e+02 0. 0. 0. 5.1559883378417396e+02 0. 0. 0.
    2.3178779485047974e+02 1.6370942380078804e+02 0. 0. 0.
    1.4973722365060232e+02 0. 0. 0. 1.4331526457645913e+02
    1.6282865585174989e+03 0. 0. 0. 1.6272505691796543e+03 0. 0. 0.
    1.3097942729169281e+03</data></covs3>
<weights3 type_id="opencv-matrix">
  <rows>1</rows>
  <cols>3</cols>
  <dt>d</dt>
  <data>
    5.4236505248419620e-01 2.8100546559758494e-01 1.7662948191821759e-01</data></weights3>
</opencv_storage>
