<?xml version="1.0"?>
<opencv_storage>
<means0 type_id="opencv-matrix">
  <rows>3</rows>
  <cols>3</cols>
  <dt>d</dt>
  <data>
    3.6226159068912239e+01 2.8630592620370365e+01 1.7236540802504607e+01
    8.9031732722619310e+01 9.2113750396878416e+01 4.5781593406569016e+01
    2.0028075739322671e+02 1.9964845212690776e+02 1.6299804591050739e+02</data></means0>
<covs0 type_id="opencv-matrix">
  <rows>3</rows>
  <cols>3</cols>
  <dt>"3d"</dt>
  <data>
    7.7551625216930645e+01 0. 0. 0. 8.3611302085765004e+01 0. 0. 0.
    3.8280944206510881e+01 4.6500559443139338e+02 0. 0. 0.
    8.2232763737678624e+02 0. 0. 0. 1.6302450828426763e+02
    1.6427770178070537e+03 0. 0. 0. 1.6401263944899715e+03 0. 0. 0.
    1.0784912028073363e+03</data></covs0>
<weights0 type_id="opencv-matrix">
  <rows>1</rows>
  <cols>3</cols>
  <dt>d</dt>
  <data>
    6.4485484512926361e-01 3.0537533684536294e-01 4.9769818025373454e-02</data></weights0>
<means1 type_id="opencv-matrix">
  <rows>3</rows>
  <cols>3</cols>
  <dt>d</dt>
  <data>
    3.8643343680421260e+01 2.9607914553046687e+01 1.8659260998258244e+01
    1.3733357115926049e+02 1.2411348436326067e+02 9.5881061800583851e+01
    8.9237313154898985e+01 8.6206090623260792e+01 4.8102894911534520e+01</data></means1>
<covs1 type_id="opencv-matrix">
  <rows>3</rows>
  <cols>3</cols>
  <dt>"3d"</dt>
  <data>
    3.6751652102846016e+01 0. 0. 0. 4.0114193053157010e+01 0. 0. 0.
    2.9844307337162519e+01 6.8246377473125949e+02 0. 0. 0.
    4.9620923344421306e+02 0. 0. 0. 5.9108818078604565e+02
    3.1896247632246968e+02 0. 0. 0. 4.7815436930951108e+02 0. 0. 0.
    1.8758233571394624e+02</data></covs1>
<weights1 type_id="opencv-matrix">
  <rows>1</rows>
  <cols>3</cols>
  <dt>d</dt>
  <data>
    3.2621683182710159e-01 1.0777607558381824e-01 5.6600709258907911e-01</data></weights1>
<means2 type_id="opencv-matrix">
  <rows>3</rows>
  <cols>3</cols>
  <dt>d</dt>
  <data>
    3.7774086971076542e+01 2.9024624641407708e+01 1.9095883566785155e+01
    9.2757231807007400e+01 9.1244785425141799e+01 5.2427856619218844e+01
    1.5402324208735041e+02 1.4048234094762077e+02 1.1250619218100738e+02</data></means2>
<covs2 type_id="opencv-matrix">
  <rows>3</rows>
  <cols>3</cols>
  <dt>"3d"</dt>
  <data>
    2.3119828832638181e+01 0. 0. 0. 2.2635904008123472e+01 0. 0. 0.
    3.1152989118668497e+01 3.4071146165406014e+02 0. 0. 0.
    4.8997242249274501e+02 0. 0. 0. 2.2527576659451339e+02
    8.3842974600946127e+02 0. 0. 0. 1.0689931282039195e+03 0. 0. 0.
    1.0412036621106213e+03</data></covs2>
<weights2 type_id="opencv-matrix">
  <rows>1</rows>
  <cols>3</cols>
  <dt>d</dt>
  <data>
    3.3647863691038921e-01 5.4147749188457395e-01 1.2204387120503396e-01</data></weights2>
<means3 type_id="opencv-matrix">
  <rows>3</rows>
  <cols>3</cols>
  <dt>d</dt>
  <data>
    6.0405637650532228e+01 5.6388883810003385e+01 4.0570157630316437e+01
    1.0223197291081914e+02 1.0574089119041834e+02 6.6474754505835307e+01
    2.1568405069571531e+02 2.1277643388715376e+02 1.7221084346257308e+02</data></means3>
<covs3 type_id="opencv-matrix">
  <rows>3</rows>
  <cols>3</cols>
  <dt>"3d"</dt>
  <data>
    1.3566490982921945e+02 0. 0. 0. 1.4051234082801335e+02 0. 0. 0.
    1.8483223179941498e+02 2.8884543062316379e+02 0. 0. 0.
    5.5172764152156776e+02 0. 0. 0. 4.7133555872141778e+02
    7.7580459518044552e+02 0. 0. 0. 8.5051622902558393e+02 0. 0. 0.
    6.0110466164834963e+02</data></covs3>
<weights3 type_id="opencv-matrix">
  <rows>1</rows>
  <cols>3</cols>
  <dt>d</dt>
  <data>
    4.2388323785039811e-01 5.3707039771857057e-01 3.9046364431029691e-02</data></weights3>
</opencv_storage>
