<?xml version="1.0"?>
<opencv_storage>
<means0 type_id="opencv-matrix">
  <rows>3</rows>
  <cols>3</cols>
  <dt>d</dt>
  <data>
    3.6602843753242233e+01 3.0594320716943820e+01 1.8851355690448450e+01
    1.0947229008425849e+02 1.1008652569306163e+02 5.6008744497902462e+01
    1.9494310791410928e+02 1.8440966536494349e+02 1.4384760183702153e+02</data></means0>
<covs0 type_id="opencv-matrix">
  <rows>3</rows>
  <cols>3</cols>
  <dt>"3d"</dt>
  <data>
    9.3341169726612222e+01 0. 0. 0. 1.2065146213038513e+02 0. 0. 0.
    5.7140245182153073e+01 3.5879964873950303e+02 0. 0. 0.
    3.6696281651635894e+02 0. 0. 0. 2.5005062574878082e+02
    7.4600976113207730e+02 0. 0. 0. 1.0384028757016658e+03 0. 0. 0.
    8.3589002621529903e+02</data></covs0>
<weights0 type_id="opencv-matrix">
  <rows>1</rows>
  <cols>3</cols>
  <dt>d</dt>
  <data>
    4.4771169420951756e-01 4.8450418148745122e-01 6.7784124303034321e-02</data></weights0>
<means1 type_id="opencv-matrix">
  <rows>3</rows>
  <cols>3</cols>
  <dt>d</dt>
  <data>
    1.7340809756148730e+02 1.8035250739309271e+02 1.5054570364726951e+02
    5.0876036769531787e+01 4.3103995218196879e+01 3.0188527876729442e+01
    9.4393594755748538e+01 9.5281929082011473e+01 6.3185411157589705e+01</data></means1>
<covs1 type_id="opencv-matrix">
  <rows>3</rows>
  <cols>3</cols>
  <dt>"3d"</dt>
  <data>
    1.0456802340270460e+03 0. 0. 0. 8.9152888381914374e+02 0. 0. 0.
    7.6661343981457026e+02 1.0179393178273131e+02 0. 0. 0.
    9.6308262669963923e+01 0. 0. 0. 9.2438683099714254e+01
    2.6858296218441001e+02 0. 0. 0. 4.2252926169500876e+02 0. 0. 0.
    5.5583004611167678e+02</data></covs1>
<weights1 type_id="opencv-matrix">
  <rows>1</rows>
  <cols>3</cols>
  <dt>d</dt>
  <data>
    1.0324920911846071e-01 5.3296947210525081e-01 3.6378131877628700e-01</data></weights1>
<means2 type_id="opencv-matrix">
  <rows>3</rows>
  <cols>3</cols>
  <dt>d</dt>
  <data>
    3.4498679821525236e+01 2.7315776057275119e+01 1.8081799235303738e+01
    9.1556665813305884e+01 9.7978266158843965e+01 4.5640187683454926e+01
    1.8210077351624577e+02 1.7949328580609304e+02 1.4995652551900642e+02</data></means2>
<covs2 type_id="opencv-matrix">
  <rows>3</rows>
  <cols>3</cols>
  <dt>"3d"</dt>
  <data>
    3.3312094344540881e+01 0. 0. 0. 4.2636645974934851e+01 0. 0. 0.
    3.2900636156850084e+01 5.4164510221279409e+02 0. 0. 0.
    9.6848104029737419e+02 0. 0. 0. 1.7091606942059505e+02
    2.0834928866104137e+03 0. 0. 0. 2.0359841866006927e+03 0. 0. 0.
    1.1436059804597678e+03</data></covs2>
<weights2 type_id="opencv-matrix">
  <rows>1</rows>
  <cols>3</cols>
  <dt>d</dt>
  <data>
    5.2076153421550431e-01 4.3961736794201256e-01 3.9621097842479309e-02</data></weights2>
<means3 type_id="opencv-matrix">
  <rows>3</rows>
  <cols>3</cols>
  <dt>d</dt>
  <data>
    1.0201593584557864e+02 1.1043666510271119e+02 5.5082799312756165e+01
    5.4560031365042413e+01 4.9455787096831514e+01 3.6865643247235163e+01
    1.5692172366936489e+02 1.5554799245398942e+02 1.2660688254884981e+02</data></means3>
<covs3 type_id="opencv-matrix">
  <rows>3</rows>
  <cols>3</cols>
  <dt>"3d"</dt>
  <data>
    1.6579241447390649e+02 0. 0. 0. 3.4125383924627414e+02 0. 0. 0.
    3.2156865558944401e+02 2.3943347066720509e+02 0. 0. 0.
    3.0031637415023522e+02 0. 0. 0. 2.5807846470395077e+02
    7.8981462369727262e+02 0. 0. 0. 8.2233046452760561e+02 0. 0. 0.
    5.5632347744615879e+02</data></covs3>
<weights3 type_id="opencv-matrix">
  <rows>1</rows>
  <cols>3</cols>
  <dt>d</dt>
  <data>
    3.4678004743657453e-01 5.3823067485767817e-01 1.1498927770574653e-01</data></weights3>
</opencv_storage>
