<?xml version="1.0"?>
<opencv_storage>
<means0 type_id="opencv-matrix">
  <rows>3</rows>
  <cols>3</cols>
  <dt>d</dt>
  <data>
    4.4912387041109554e+01 3.9250450779088830e+01 2.6671622205729655e+01
    1.6404812357722713e+02 1.6996172456579177e+02 1.4560797893734011e+02
    9.6308775755684891e+01 9.6322838197363382e+01 5.6798455930275004e+01</data></means0>
<covs0 type_id="opencv-matrix">
  <rows>3</rows>
  <cols>3</cols>
  <dt>"3d"</dt>
  <data>
    2.0133482002723849e+02 0. 0. 0. 1.7070425296155142e+02 0. 0. 0.
    1.2827285725935883e+02 1.9965487544751793e+03 0. 0. 0.
    1.7320882576143556e+03 0. 0. 0. 1.2417997565552128e+03
    3.4098259169558492e+02 0. 0. 0. 5.6188334520617570e+02 0. 0. 0.
    3.2766872866968072e+02</data></covs0>
<weights0 type_id="opencv-matrix">
  <rows>1</rows>
  <cols>3</cols>
  <dt>d</dt>
  <data>
    4.9321830614121781e-01 9.4315860061758738e-02 4.1246583379702401e-01</data></weights0>
<means1 type_id="opencv-matrix">
  <rows>3</rows>
  <cols>3</cols>
  <dt>d</dt>
  <data>
    8.9105451509913678e+01 7.6786671788930732e+01 5.8285970683394183e+01
    3.8423658212428684e+01 3.1303740137297385e+01 2.3360561285999069e+01
    1.5727116232641811e+02 1.4070983290832262e+02 1.1450106743973529e+02</data></means1>
<covs1 type_id="opencv-matrix">
  <rows>3</rows>
  <cols>3</cols>
  <dt>"3d"</dt>
  <data>
    4.0022986143314773e+02 0. 0. 0. 2.4789346202851434e+02 0. 0. 0.
    1.8097902797555901e+02 2.5883657807627976e+01 0. 0. 0.
    3.8419407154611058e+01 0. 0. 0. 1.0305520519266840e+02
    9.4595244072598473e+02 0. 0. 0. 8.7773470527526661e+02 0. 0. 0.
    1.0925959759059797e+03</data></covs1>
<weights1 type_id="opencv-matrix">
  <rows>1</rows>
  <cols>3</cols>
  <dt>d</dt>
  <data>
    4.5352697977624107e-01 1.6695189218158235e-01 3.7952112804217714e-01</data></weights1>
<means2 type_id="opencv-matrix">
  <rows>3</rows>
  <cols>3</cols>
  <dt>d</dt>
  <data>
    9.0715791371145485e+01 8.7700032889113260e+01 5.0517778642663728e+01
    3.6581018636434123e+01 2.8701700232188923e+01 1.7897027857038339e+01
    1.5307776784675187e+02 1.3261412280324592e+02 1.0154364479020310e+02</data></means2>
<covs2 type_id="opencv-matrix">
  <rows>3</rows>
  <cols>3</cols>
  <dt>"3d"</dt>
  <data>
    3.7694830124233340e+02 0. 0. 0. 4.2753889974130135e+02 0. 0. 0.
    2.4618218861152798e+02 2.7288360529750790e+01 0. 0. 0.
    3.9682942360782341e+01 0. 0. 0. 4.9056408079954728e+01
    5.4353001754453817e+02 0. 0. 0. 5.2886841073812946e+02 0. 0. 0.
    7.9151747113618785e+02</data></covs2>
<weights2 type_id="opencv-matrix">
  <rows>1</rows>
  <cols>3</cols>
  <dt>d</dt>
  <data>
    5.4589159463720605e-01 2.8607523899497916e-01 1.6803316636781115e-01</data></weights2>
<means3 type_id="opencv-matrix">
  <rows>3</rows>
  <cols>3</cols>
  <dt>d</dt>
  <data>
    2.8814024010955478e+01 2.4425824800918573e+01 1.5233205529103852e+01
    9.0727424185923510e+01 9.4853286104198276e+01 5.7592641613531200e+01
    1.8286312457146130e+02 1.8550705371277687e+02 1.5882089116712410e+02</data></means3>
<covs3 type_id="opencv-matrix">
  <rows>3</rows>
  <cols>3</cols>
  <dt>"3d"</dt>
  <data>
    8.1933582573052192e+01 0. 0. 0. 7.5464541189089005e+01 0. 0. 0.
    3.6884593221246206e+01 4.9845232276942795e+02 0. 0. 0.
    7.5662365998374776e+02 0. 0. 0. 5.5832911414181945e+02
    1.3210266859569490e+03 0. 0. 0. 1.3812374130393268e+03 0. 0. 0.
    1.1324778887345126e+03</data></covs3>
<weights3 type_id="opencv-matrix">
  <rows>1</rows>
  <cols>3</cols>
  <dt>d</dt>
  <data>
    5.0573097007346435e-01 3.9621163797290726e-01 9.8057391953627684e-02</data></weights3>
</opencv_storage>
