<?xml version="1.0"?>
<opencv_storage>
 <Points type_id="opencv-matrix">
  <rows>548</rows>
  <cols>2</cols>
  <dt>i</dt>
  <data>
    11 4 17 3 4 4 -1 5 -1 5 4 4 11 4 17 3 4 4 -1 5 17 3 11 4 17 3 -1 5
    11 4 4 4 17 3 -1 5 4 4 11 4 -1 5 11 4 18 3 4 4 5 4 11 4 18 4 -1 5 11
    4 5 5 18 4 0 4 18 5 11 4 4 6 0 3 18 6 0 1 4 8 11 4 0 1 18 5 4 9 12 5
    1 0 18 8 12 6 4 10 2 0 5 12 11 6 18 6 11 5 5 13 4 0 18 6 5 14 5 0 18
    7 11 5 10 5 18 8 5 16 6 0 17 9 10 5 5 18 8 0 9 5 4 19 17 10 11 0 8 6
    4 20 17 11 12 0 6 6 5 21 17 12 13 0 17 13 14 1 5 21 5 6 4 22 15 3 4
    6 17 14 3 6 16 15 16 4 4 22 4 22 16 5 16 16 3 7 4 22 2 8 15 7 15 17
    15 19 15 8 1 9 5 21 5 21 14 20 14 9 0 10 5 20 13 10 14 21 0 11 5 20
    12 21 0 12 12 12 5 18 11 13 0 13 11 21 -1 14 8 21 11 15 5 18 5 16 5
    20 10 18 -1 15 10 19 1 19 -1 15 4 14 -1 16 0 19 10 20 4 12 0 17 10
    19 4 10 9 21 6 21 4 8 0 16 10 20 4 7 6 20 0 15 10 20 1 15 5 21 3 6 7
    17 2 4 7 21 5 19 1 14 1 12 2 3 6 18 9 13 2 11 7 17 3 2 1 14 1 13 2
    10 4 1 8 16 1 13 9 15 5 0 3 9 10 13 3 9 4 0 7 0 10 12 8 0 5 0 2 9 7
    0 11 11 9 -1 1 9 0 10 11 11 8 22 9 -1 0 10 7 22 10 10 10 -1 6 21 8 8
    0 12 12 0 6 20 7 6 13 0 0 14 14 0 6 17 7 5 -1 14 -1 14 6 4 6 16 15 1
    5 3 15 1 6 15 -1 16 0 18 3 2 5 12 16 3 16 5 0 19 6 10 3 1 6 8 16 7 2
    0 0 20 16 7 0 20 1 0 7 7 0 21 16 9 0 0 7 5 16 10 1 21 7 4 0 0 2 22
    16 11 7 1 0 0 6 0 3 22 0 0 15 12 6 0 0 1 3 22 14 13 14 14 12 12 1 2
    5 -1 5 22 4 -1 11 13 1 3 10 14 3 -1 3 21 2 4 8 14 2 -1 4 21 3 5 7 15
    0 11 1 -1 5 4 11 21 6 4 0 -1 5 15 3 16 11 22 0 0 7 5 2 16 9 5 12 21
    0 0 0 1 10 5 12 21 1 17 11 6 0 3 12 21 1 18 11 6 1 19 0 4 12 21 1 6
    12 19 13 6 2 20 2 21 14 7 2 7 11 18 11 17 3 21 15 8 2 9 3 22 10 16
    15 9 2 10 10 15 15 10 2 11 3 22 9 14 3 22 15 11 2 12 1 16 15 11 12
    17 8 11 0 16 16 11 3 21 8 11 0 17 1 20 8 10 16 11 0 18 0 21 8 8 16
    11 0 20 16 11 8 7 16 9 10 22 16 9 0 20 8 6 15 9 0 21 10 22 8 4 10 22
    15 8 8 3 0 22 9 20 8 2 12 21 14 7 13 7 11 20 2 8 8 1 2 8 11 7 11 20
    8 0 3 19 9 0 11 19 10 7 10 18 10 7 7 7 9 0 10 17 8 7 10 -1 5 8 11 -1
    10 16 3 22 5 9 5 10 3 22 10 15 12 -1 5 11 13 0 10 14 4 22 4 21 10 14
    13 0 4 12 4 12 9 13 14 0 5 21 15 1 9 12 6 21 3 14 8 10 8 20 3 16 16
    2 7 9 17 3 8 20 3 16 6 8 17 4 8 19 3 17 7 17 4 20 5 7 17 5 4 21 4 6
    17 6 7 16 3 21 7 15 17 7 3 5 6 14 17 9 3 21 3 5 2 21 18 10 2 4 5 13
    4 12 17 10 3 2 18 15 18 14 2 12 3 2 17 11 17 13 1 11 3 1 16 12 4 0
    15 11 0 10 17 13 5 0 16 14 1 1 0 8 1 2 0 6 6 0 15 15 0 5 14 14 7 0
    14 16 13 15 0 3 13 17 8 0 13 16 -2 12 0 2 9 0 -1 12 0 1 12 16 10 0
    11 16 1 0 11 0 0 13 12 0 2 0 0 14 10 16 13 0 3 -1 3 15 9 15 4 -1 4
    22 14 1 7 14 7 14 14 2 6 21 6 -1 7 -1 7 21 15 2 7 14 15 3 6 13 9 21
    8 -1 10 -1 14 4 10 20 5 12 12 -1 13 4 11 19 3 11 13 0 13 5 12 19 2
    11 12 18 15 0 1 11 12 6 16 1 0 11 11 7 12 16 10 7 12 14 0 11 17 2 8
    8 0 11 13 14 17 4 -1 12 14 15 18 6 7 9 15 10 -1 13 14 18 7 10 -1 14
    6 11 15 11 15 20 -1 14 6 13 15 20 16 11 15 10 15 20 6 14 -1 13 14 20
    -1 12 7 15 14 8</data></Points>
<Color type_id="opencv-matrix">
  <rows>548</rows>
  <cols>3</cols>
  <dt>i</dt>
  <data>
    255 0 0 0 255 0 0 0 255 255 165 0 255 165 0 0 0 255 255 0 0 0 255 0
    0 0 255 255 165 0 0 255 0 255 0 0 0 255 0 255 165 0 255 0 0 0 0 255
    0 255 0 255 165 0 0 0 255 255 0 0 255 165 0 255 0 0 0 255 0 0 0 255
    0 0 255 255 0 0 0 255 0 255 165 0 255 0 0 0 0 255 0 255 0 255 165 0
    0 255 0 255 0 0 0 0 255 255 165 0 0 255 0 255 165 0 0 0 255 255 0 0
    255 165 0 0 255 0 0 0 255 255 0 0 255 165 0 0 255 0 255 0 0 0 0 255
    255 165 0 0 0 255 255 0 0 0 255 0 255 0 0 0 0 255 255 165 0 0 255 0
    255 165 0 255 165 0 0 255 0 255 0 0 255 0 0 0 255 0 0 0 255 255 165
    0 0 255 0 255 0 0 255 165 0 255 165 0 255 165 0 0 0 255 0 255 0 255
    165 0 255 165 0 0 0 255 0 255 0 255 165 0 255 165 0 0 0 255 0 255 0
    255 165 0 0 255 0 255 165 0 0 0 255 255 0 0 255 165 0 255 165 0 255
    165 0 0 255 0 255 0 0 0 255 0 255 165 0 255 165 0 0 0 255 255 165 0
    0 255 0 255 0 0 0 0 255 255 0 0 255 165 0 0 255 0 0 255 0 255 165 0
    255 0 0 0 0 255 255 165 0 0 255 0 255 165 0 255 0 0 255 165 0 255
    165 0 0 255 0 255 0 0 255 165 0 0 255 0 255 0 0 255 165 0 0 0 255
    255 165 0 255 0 0 255 165 0 255 0 0 255 165 0 255 165 0 0 0 255 0 0
    255 0 0 255 255 165 0 255 0 0 255 165 0 0 0 255 255 0 0 0 0 255 255
    0 0 0 0 255 255 165 0 0 0 255 255 0 0 255 165 0 0 0 255 255 165 0 0
    255 0 0 0 255 0 0 255 255 165 0 0 0 255 255 165 0 255 165 0 255 165
    0 255 0 0 0 255 0 0 0 255 0 255 0 0 0 255 0 255 0 0 255 0 255 0 0
    255 0 0 0 0 255 255 165 0 255 165 0 255 0 0 0 255 0 0 0 255 255 165
    0 255 0 0 255 0 0 0 0 255 0 255 0 255 165 0 0 255 0 0 0 255 255 0 0
    0 255 0 255 0 0 0 0 255 255 165 0 0 255 0 0 0 255 0 0 255 255 0 0 0
    0 255 0 255 0 0 0 255 255 0 0 255 0 0 0 255 0 255 165 0 0 0 255 255
    0 0 255 165 0 0 255 0 0 0 255 255 165 0 0 255 0 255 0 0 0 0 255 255
    165 0 0 255 0 0 0 255 255 0 0 0 0 255 255 165 0 0 255 0 255 0 0 255
    0 0 0 255 0 255 165 0 0 0 255 0 255 0 0 0 255 0 0 255 255 165 0 255
    0 0 0 255 0 255 165 0 0 0 255 0 0 255 255 0 0 255 165 0 0 255 0 255
    165 0 0 0 255 0 255 0 255 165 0 0 0 255 255 165 0 0 255 0 255 165 0
    255 165 0 0 0 255 0 255 0 255 165 0 0 0 255 255 165 0 255 165 0 0
    255 0 255 165 0 0 0 255 255 165 0 0 255 0 255 165 0 255 165 0 0 255
    0 0 0 255 255 165 0 0 255 0 255 165 0 0 0 255 0 0 255 0 0 255 0 255
    0 255 165 0 0 0 255 255 165 0 0 0 255 0 255 0 0 255 0 255 165 0 255
    0 0 0 255 0 0 0 255 255 165 0 0 255 0 255 165 0 0 0 255 255 0 0 255
    165 0 0 255 0 255 165 0 0 255 0 255 165 0 0 0 255 0 0 255 255 165 0
    255 165 0 0 255 0 0 0 255 0 255 0 0 255 0 255 165 0 255 165 0 0 255
    0 255 0 0 255 165 0 0 255 0 255 165 0 0 255 0 0 0 255 0 255 0 0 0
    255 255 165 0 255 165 0 255 165 0 255 0 0 0 255 0 0 0 255 255 165 0
    0 255 0 255 165 0 255 0 0 0 255 0 0 0 255 0 255 0 255 165 0 0 0 255
    255 0 0 0 255 0 255 165 0 255 0 0 0 255 0 255 165 0 0 0 255 255 165
    0 255 0 0 0 255 0 255 165 0 255 165 0 0 255 0 255 0 0 255 0 0 255
    165 0 0 255 0 255 0 0 255 165 0 255 165 0 255 0 0 255 165 0 0 255 0
    255 165 0 255 165 0 255 0 0 0 255 0 255 165 0 0 255 0 255 0 0 0 255
    0 0 255 0 0 255 0 255 165 0 255 0 0 0 255 0 255 165 0 0 255 0 255 0
    0 0 255 0 0 255 0 255 0 0 255 165 0 0 255 0 255 0 0 0 0 255 0 255 0
    0 255 0 0 0 255 255 165 0 255 0 0 255 165 0 0 255 0 0 0 255 255 0 0
    255 165 0 255 0 0 0 0 255 0 255 0 0 0 255 0 255 0 0 255 0 255 0 0 0
    0 255 0 255 0 255 0 0 255 165 0 255 0 0 0 0 255 255 165 0 255 165 0
    255 165 0 255 165 0 0 0 255 255 0 0 255 165 0 255 0 0 0 0 255 255
    165 0 0 0 255 0 0 255 255 0 0 255 165 0 255 165 0 0 0 255 255 0 0 0
    0 255 255 0 0 0 0 255 255 165 0 0 255 0 0 0 255 0 0 255 0 255 0 255
    0 0 0 0 255 255 0 0 255 165 0 0 255 0 0 0 255 255 0 0 255 165 0 0
    255 0 255 165 0 0 255 0 0 0 255 255 0 0 0 255 0 0 0 255 255 0 0 255
    165 0 0 255 0 255 165 0 255 0 0 0 0 255 255 165 0 255 0 0 0 255 0 0
    0 255 0 255 0 255 0 0 0 0 255 255 165 0 255 165 0 255 0 0 0 0 255
    255 0 0 255 0 0 255 165 0 0 0 255 255 0 0 255 0 0 255 165 0 0 0 255
    255 0 0 0 0 255 255 165 0 255 165 0 255 0 0 0 0 255 255 0 0 0 0 255
    255 165 0 255 165 0 255 165 0 0 0 255 255 0 0 255 165 0 255 0 0 0 0
    255 255 0 0 255 165 0 255 165 0 255 165 0 0 0 255 255 0 0 255 165 0
    255 165 0 0 0 255 255 165 0 255 165 0 255 0 0 0 0 255 255 0 0 255
    165 0 0 0 255 0 0 255 0 0 255 255 165 0 255 165 0 255 0 0 0 0 255
    255 165 0 255 165 0 255 0 0 255 165 0 255 0 0 0 0 255 0 0 255 0 0
    255 0 0 255 0 0 255 255 165 0 255 165 0 0 0 255 0 0 255 0 0 255 0 0
    255 0 0 255 255 165 0 255 165 0 255 165 0 0 0 255 255 165 0 255 165
    0 255 165 0 0 0 255 0 255 0 255 165 0 255 165 0 0 0 255 0 255 0 255
    165 0 0 255 0 255 165 0 255 0 0 0 0 255 255 165 0 255 0 0 0 0 255 0
    0 255 0 0 255 0 255 0 255 0 0 255 165 0 0 0 255 255 0 0 0 255 0 255
