<?xml version="1.0"?>
<opencv_storage>
<Points type_id="opencv-matrix">
  <rows>548</rows>
  <cols>2</cols>
  <dt>f</dt>
  <data>
    1.11554203e+01 4.62257671e+00 1.79079895e+01 3.92340589e+00
    4.65037632e+00 4.53726816e+00 -1.43343985e+00 5.37198830e+00
    -1.43234134e+00 5.36646748e+00 4.64754391e+00 4.53600693e+00
    1.11499290e+01 4.62162256e+00 1.79074631e+01 3.92991114e+00
    4.65763807e+00 4.53533745e+00 -1.42667305e+00 5.36770344e+00
    1.79107876e+01 3.93304586e+00 1.11520786e+01 4.62381840e+00
    1.79027252e+01 3.93398690e+00 -1.42176437e+00 5.35767412e+00
    1.11539965e+01 4.61917973e+00 4.68513203e+00 4.54234505e+00
    1.79678917e+01 3.93524551e+00 -1.37471402e+00 5.33081293e+00
    4.77429295e+00 4.58721066e+00 1.11489744e+01 4.62973976e+00
    -1.30180287e+00 5.24291277e+00 1.11994829e+01 4.66061163e+00
    1.81308231e+01 3.98639441e+00 4.96938992e+00 4.69187975e+00
    5.23049068e+00 4.95202255e+00 1.13100567e+01 4.76962566e+00
    1.84042568e+01 4.12903214e+00 -1.04537642e+00 5.02632809e+00
    1.15140171e+01 4.79795027e+00 5.24809217e+00 5.61957073e+00
    1.87085686e+01 4.37358141e+00 -8.26466978e-01 4.45346308e+00
    1.89461956e+01 5.45692539e+00 1.15526581e+01 4.37264013e+00
    4.93595219e+00 6.91540575e+00 -2.75308192e-01 3.12642026e+00
    1.89030609e+01 6.29622936e+00 3.55009362e-02 1.88967586e+00
    4.61145639e+00 8.11885166e+00 1.18988781e+01 4.75334883e+00
    6.26678646e-01 1.01622999e+00 1.89442024e+01 5.99200821e+00
    4.82653999e+00 9.13791275e+00 1.21213455e+01 5.89113903e+00
    1.72222316e+00 2.28298619e-01 1.80630379e+01 8.53551483e+00
    1.20296326e+01 6.50400352e+00 4.88060331e+00 1.07318878e+01
    2.97895145e+00 -3.07867497e-01 5.35197783e+00 1.24992867e+01
    1.18384800e+01 6.15294170e+00 1.89094429e+01 6.63669682e+00
    1.14808645e+01 5.65991068e+00 5.76180506e+00 1.38860493e+01
    4.10983181e+00 -5.46367109e-01 1.87507954e+01 6.86595869e+00
    5.74808550e+00 1.49628792e+01 5.18148088e+00 -6.06865764e-01
    1.86557236e+01 7.42891598e+00 1.11845236e+01 5.19046021e+00
    1.05493994e+01 5.28794718e+00 1.84412060e+01 8.00779724e+00
    5.88853121e+00 1.65616665e+01 6.77026224e+00 -7.50706673e-01
    1.79742622e+01 9.01779747e+00 1.01733503e+01 5.20705462e+00
    5.55563927e+00 1.81490269e+01 8.65763283e+00 -7.31323898e-01
    9.27610588e+00 5.70205688e+00 4.45137501e+00 1.90378857e+01
    1.77209301e+01 1.05398788e+01 1.10246811e+01 -4.93618131e-01
    8.13279438e+00 6.14098024e+00 4.68906307e+00 2.03242359e+01
    1.75042896e+01 1.17792158e+01 1.23885679e+01 -3.32662389e-02
    6.72258472e+00 6.50184584e+00 5.02438545e+00 2.12132225e+01
    1.72792873e+01 1.26652222e+01 1.33796806e+01 7.30250418e-01
    1.72081718e+01 1.37029266e+01 1.44408035e+01 1.97632837e+00
    5.10105705e+00 2.15440788e+01 5.70193815e+00 6.35574532e+00
    4.68648720e+00 2.20461426e+01 1.57856913e+01 3.55741572e+00
    4.76860189e+00 6.15740156e+00 1.70783463e+01 1.46821690e+01
    3.87655449e+00 6.47616529e+00 1.67594185e+01 1.58484135e+01
    1.65478992e+01 4.88853407e+00 4.45359087e+00 2.24342899e+01
    4.38360405e+00 2.25638924e+01 1.63714294e+01 5.99393463e+00
    1.65257359e+01 1.68296032e+01 3.06616879e+00 7.11975908e+00
    4.66060591e+00 2.26707230e+01 2.28284693e+00 8.03736687e+00
    1.58294344e+01 7.12760925e+00 1.59912958e+01 1.79548779e+01
    1.54075480e+01 1.90440636e+01 1.51019964e+01 8.22272396e+00
    1.48672783e+00 9.27912045e+00 5.17518854e+00 2.19590950e+01
    5.28479242e+00 2.13343067e+01 1.47958775e+01 2.01737747e+01
    1.42482443e+01 9.66122532e+00 8.55955839e-01 1.03563728e+01
    5.48070049e+00 2.09860744e+01 1.34634447e+01 1.09767818e+01
    1.40935440e+01 2.10843048e+01 2.82003939e-01 1.12308769e+01
    5.34773540e+00 2.03291073e+01 1.29520102e+01 2.18438416e+01
    -2.40741640e-01 1.21243591e+01 1.24744492e+01 1.24327736e+01
    5.52533722e+00 1.89981956e+01 1.17702446e+01 1.38568096e+01
    -8.43496382e-01 1.33719110e+01 1.14368410e+01 2.16346169e+01
    -1.18432117e+00 1.42365999e+01 8.63550091e+00 2.13156872e+01
    1.12862997e+01 1.51536808e+01 5.11395550e+00 1.84444084e+01
    5.04176235e+00 1.61138248e+01 5.44340277e+00 2.09691257e+01
    1.06266870e+01 1.82938290e+01 -1.22622991e+00 1.52860765e+01
    1.01069031e+01 1.91767139e+01 1.83163953e+00 1.94267292e+01
    -1.10897946e+00 1.53301401e+01 4.82222176e+00 1.45236139e+01
    -1.17155528e+00 1.62198811e+01 4.17559683e-01 1.91346703e+01
    1.01833229e+01 2.00641861e+01 4.64570427e+00 1.22404919e+01
    -7.65870988e-01 1.72846985e+01 1.02943850e+01 1.91679821e+01
    4.52110815e+00 1.04244528e+01 9.86947441e+00 2.18304329e+01
    6.40715933e+00 2.12488823e+01 4.43440676e+00 8.94838333e+00
    -1.88637391e-01 1.61259499e+01 1.06086550e+01 2.06328030e+01
    4.10017538e+00 7.69616652e+00 6.18394279e+00 2.07531281e+01
    5.44533730e-01 1.57624798e+01 1.04970541e+01 2.08604565e+01
    1.13065982e+00 1.51000452e+01 5.86603737e+00 2.13611622e+01
    3.36819339e+00 6.23374271e+00 7.34782553e+00 1.75373917e+01
    2.83850741e+00 4.95811796e+00 7.14179754e+00 2.10497265e+01
    5.74515629e+00 1.93302765e+01 1.47421479e+00 1.40201941e+01
    1.80644524e+00 1.28500338e+01 2.90934157e+00 3.84603310e+00
    6.75741196e+00 1.88569546e+01 9.99167061e+00 1.31750021e+01
    2.17283130e+00 1.13936653e+01 7.37868309e+00 1.75394611e+01
    3.25278711e+00 2.64368701e+00 1.51182890e+00 1.44376335e+01
    1.06035566e+00 1.39580536e+01 2.75649595e+00 1.03162737e+01
    4.02670383e+00 1.31077218e+00 8.30189896e+00 1.63395443e+01
    1.39820552e+00 1.30224123e+01 9.27399921e+00 1.50666161e+01
    5.03192377e+00 4.01499480e-01 3.34447837e+00 9.57717228e+00
    1.01239815e+01 1.39266415e+01 3.35402799e+00 9.23455811e+00
    4.66385555e+00 -4.78886127e-01 7.12160778e+00 3.65202203e-02
    1.09489155e+01 1.26345997e+01 8.32168770e+00 -7.73952603e-01
    5.88154125e+00 -4.17692274e-01 2.21984005e+00 9.42856979e+00
    7.37620544e+00 -7.80038893e-01 1.12668400e+01 1.18654814e+01
    9.44498730e+00 -1.06035745e+00 1.35155094e+00 9.74128819e+00
    4.38692570e-01 1.00869932e+01 1.14261417e+01 1.14255905e+01
    8.31999874e+00 2.22950191e+01 9.79541016e+00 -1.24213779e+00
    -2.38828540e-01 1.05123873e+01 7.37143850e+00 2.23209705e+01
    1.08887148e+01 1.05116949e+01 1.08117161e+01 -1.20924604e+00
    6.96286392e+00 2.18561916e+01 8.78635502e+00 8.15687180e+00
    -4.03868258e-01 1.26759186e+01 1.27300348e+01 -8.21406424e-01
    6.77390671e+00 2.04216957e+01 7.80757046e+00 6.63146687e+00
    1.35891199e+01 -6.37898684e-01 -7.44328499e-01 1.40873289e+01
    1.44095440e+01 -2.68064830e-02 6.46506166e+00 1.78875923e+01
    7.46315670e+00 5.37089443e+00 -1.24651730e+00 1.45370188e+01
    -1.51404810e+00 1.49611797e+01 6.64136028e+00 4.17846107e+00
    6.53272915e+00 1.69759827e+01 1.51501713e+01 1.23050106e+00
    5.38302994e+00 3.21624756e+00 1.56665916e+01 1.92696142e+00
    6.84480143e+00 1.58222923e+01 -1.41753161e+00 1.64748993e+01
    -2.14512423e-01 1.89924488e+01 3.73391032e+00 2.70379353e+00
    5.92638922e+00 1.24451761e+01 1.62447567e+01 3.26875377e+00
    1.67847481e+01 5.29384565e+00 -4.63445723e-01 1.99738388e+01
    6.32758522e+00 1.03550253e+01 3.34717250e+00 1.24668670e+00
    6.67744637e+00 8.69467831e+00 1.66100864e+01 7.63686514e+00
    2.67399287e+00 3.61959547e-01 -8.87341142e-01 2.02903175e+01
    1.64142475e+01 7.84214926e+00 -8.18567097e-01 2.05392838e+01
    1.45755303e+00 -8.27922821e-02 7.01260042e+00 7.37098217e+00
    -1.31597668e-01 2.12588711e+01 1.62876663e+01 9.35464668e+00
    7.03624964e-01 -4.30643260e-01 7.60718489e+00 5.95400047e+00
    1.62446785e+01 1.06063118e+01 1.70290673e+00 2.19145985e+01
    7.49335575e+00 4.21680355e+00 4.26506251e-01 -4.33734655e-01
    2.91472578e+00 2.22131653e+01 1.61090336e+01 1.18778839e+01
    7.22727537e+00 1.97310853e+00 8.12212169e-01 6.28626272e-02
    6.80204916e+00 -7.34799430e-02 3.66414809e+00 2.24540386e+01
    6.53467178e-01 9.72761393e-01 1.57724724e+01 1.28619099e+01
