<?xml version="1.0"?>
<opencv_storage>
<corners type_id="opencv-matrix">
  <rows>48</rows>
  <cols>1</cols>
  <dt>"2f"</dt>
  <data>
    314. 315. 3.23998566e+02 3.18066223e+02 3.34222290e+02
    3.21201508e+02 3.44678833e+02 3.24408173e+02 3.55376251e+02
    3.27688721e+02 3.66322968e+02 3.31045715e+02 3.77527802e+02
    3.34481873e+02 389. 338. 3.23171600e+02 3.12013885e+02
    3.33102600e+02 3.14995941e+02 3.43253448e+02 3.18043976e+02
    3.53631470e+02 3.21160248e+02 3.64244415e+02 3.24347046e+02
    3.75100342e+02 3.27606812e+02 3.86207703e+02 3.30942078e+02
    3.97575348e+02 3.34355469e+02 3.32043396e+02 3.09125397e+02
    3.41905853e+02 3.12027069e+02 3.51982941e+02 3.14991913e+02
    3.62281799e+02 3.18021973e+02 3.72809784e+02 3.21119476e+02
    3.83574677e+02 3.24286652e+02 3.94584503e+02 3.27525879e+02
    4.05847748e+02 3.30839691e+02 3.40629822e+02 3.06329834e+02
    3.50422913e+02 3.09154724e+02 3.60425659e+02 3.12040100e+02
    3.70644867e+02 3.14987946e+02 3.81087616e+02 3.18000244e+02
    3.91761353e+02 3.21079163e+02 4.02673798e+02 3.24226959e+02
    4.13833038e+02 3.27445953e+02 3.48944458e+02 3.03622742e+02
    3.58667603e+02 3.06374237e+02 3.68595520e+02 3.09183716e+02
    3.78734741e+02 3.12053009e+02 3.89092133e+02 3.14984009e+02
    3.99674774e+02 3.17978760e+02 4.10490112e+02 3.21039368e+02
    4.21545898e+02 3.24167999e+02 357. 301. 3.66652710e+02
    3.03681305e+02 3.76505493e+02 3.06418182e+02 3.86564606e+02
    3.09212402e+02 3.96836639e+02 3.12065735e+02 4.07328430e+02
    3.14980103e+02 4.18047058e+02 3.17957520e+02 429. 321.</data></corners>
</opencv_storage>
