<?xml version="1.0"?>
<opencv_storage>
<mtx type_id="opencv-matrix">
  <rows>3</rows>
  <cols>3</cols>
  <dt>d</dt>
  <data>
    4.8917793932911849e+02 0. 3.2291756993053065e+02 0.
    4.8795555153625060e+02 2.3294462094641037e+02 0. 0. 1.</data></mtx>
<dist type_id="opencv-matrix">
  <rows>1</rows>
  <cols>5</cols>
  <dt>d</dt>
  <data>
    -3.5408913231948785e-01 1.5597920061728512e-01
    1.2678358573665336e-03 -4.6023327693723844e-04
    -3.5146422171484962e-02</data></dist>
<rvec type_id="opencv-matrix">
  <rows>3</rows>
  <cols>1</cols>
  <dt>d</dt>
  <data>
    1.1116570488718427e+00 -1.4341331637844996e+00
    1.3414122547536604e+00</data></rvec>
<tvec type_id="opencv-matrix">
  <rows>3</rows>
  <cols>1</cols>
  <dt>d</dt>
  <data>
    -1.6240375300193256e+02 1.2122370545219480e+03
    2.5425231304582799e+03</data></tvec>
</opencv_storage>
