<?xml version="1.0"?>
<opencv_storage>
<corners type_id="opencv-matrix">
  <rows>48</rows>
  <cols>1</cols>
  <dt>"2f"</dt>
  <data>
    293. 449. 2.89532135e+02 4.40156921e+02 2.86302856e+02
    4.31922272e+02 2.83288361e+02 4.24235321e+02 2.80467926e+02
    4.17043182e+02 2.77823364e+02 4.10299591e+02 2.75338745e+02
    4.03963837e+02 273. 398. 2.73489563e+02 4.50530243e+02
    2.70687653e+02 4.41539124e+02 2.68080444e+02 4.33172913e+02
    2.65648346e+02 4.25368591e+02 2.63374298e+02 4.18071411e+02
    2.61243347e+02 4.11233521e+02 2.59242462e+02 4.04812836e+02
    2.57360016e+02 3.98772339e+02 2.53549072e+02 4.52094177e+02
    2.51442856e+02 4.42950714e+02 2.49484528e+02 4.34449188e+02
    2.47659042e+02 4.26524323e+02 2.45953308e+02 4.19119354e+02
    2.44355911e+02 4.12184784e+02 2.42856873e+02 4.05677124e+02
    2.41447372e+02 3.99558167e+02 2.33164108e+02 4.53693024e+02
    2.31784912e+02 4.44392578e+02 2.30503540e+02 4.35751892e+02
    2.29309967e+02 4.27703156e+02 2.28195450e+02 4.20187561e+02
    2.27152390e+02 4.13153839e+02 2.26174133e+02 4.06557068e+02
    2.25254822e+02 4.00357788e+02 2.12319656e+02 4.55327881e+02
    2.11700317e+02 4.45865753e+02 2.11125381e+02 4.37081848e+02
    2.10590240e+02 4.28905823e+02 2.10090881e+02 4.21276642e+02
    2.09623840e+02 4.14141205e+02 2.09186081e+02 4.07453125e+02
    2.08774933e+02 4.01171600e+02 191. 457. 1.91175064e+02
    4.47371216e+02 1.91337448e+02 4.38439941e+02 1.91488495e+02
    4.30132996e+02 1.91629318e+02 4.22387177e+02 1.91760956e+02
    4.15147430e+02 1.91884262e+02 4.08365753e+02 192. 402.</data></corners>
</opencv_storage>
