<?xml version="1.0"?>
<opencv_storage>
<corners type_id="opencv-matrix">
  <rows>48</rows>
  <cols>1</cols>
  <dt>"2f"</dt>
  <data>
    276. 366. 2.87009003e+02 3.62220795e+02 2.97480316e+02
    3.58626160e+02 3.07452362e+02 3.55202911e+02 3.16960052e+02
    3.51939087e+02 3.26035034e+02 3.48823792e+02 3.34706238e+02
    3.45847107e+02 343. 343. 2.66122009e+02 3.62183502e+02
    2.77041962e+02 3.58609894e+02 2.87444092e+02 3.55205750e+02
    2.97364410e+02 3.51959259e+02 3.06835602e+02 3.48859772e+02
    3.15887543e+02 3.45897491e+02 3.24547455e+02 3.43063477e+02
    3.32840240e+02 3.40349640e+02 2.56831085e+02 3.58593811e+02
    2.67653259e+02 3.55208557e+02 2.77976807e+02 3.51979248e+02
    2.87835449e+02 3.48895386e+02 2.97259888e+02 3.45947327e+02
    3.06278137e+02 3.43126343e+02 3.14915985e+02 3.40424347e+02
    3.23196930e+02 3.37833984e+02 2.48076340e+02 3.55211304e+02
    2.58794006e+02 3.51998993e+02 2.69031464e+02 3.48930603e+02
    2.78820313e+02 3.45996674e+02 2.88189392e+02 3.43188568e+02
    2.97165131e+02 3.40498322e+02 3.05771820e+02 3.37918732e+02
    3.14031708e+02 3.35443054e+02 2.39812714e+02 3.52018555e+02
    2.50420639e+02 3.48965485e+02 2.60566040e+02 3.46045532e+02
    2.70278503e+02 3.43250183e+02 2.79585205e+02 3.40571625e+02
    2.88511017e+02 3.38002686e+02 2.97078888e+02 3.35536774e+02
    3.05309875e+02 3.33167786e+02 232. 349. 2.42494263e+02
    3.46093903e+02 2.52542908e+02 3.43311188e+02 2.62173737e+02
    3.40644196e+02 2.71412262e+02 3.38085846e+02 2.80281982e+02
    3.35629608e+02 2.88804565e+02 3.33269501e+02 297. 331.</data></corners>
</opencv_storage>
