<?xml version="1.0"?>
<opencv_storage>
<corners type_id="opencv-matrix">
  <rows>48</rows>
  <cols>1</cols>
  <dt>"2f"</dt>
  <data>
    261. 328. 2.68907104e+02 3.33271393e+02 2.77251251e+02
    3.38834167e+02 2.86069763e+02 3.44713165e+02 2.95404266e+02
    3.50936157e+02 3.05301361e+02 3.57534241e+02 3.15813568e+02
    3.64542358e+02 327. 372. 2.72603516e+02 3.23272644e+02
    2.80665771e+02 3.28318695e+02 2.89164948e+02 3.33638184e+02
    2.98137543e+02 3.39253998e+02 3.07624237e+02 3.45191589e+02
    3.17670532e+02 3.51479401e+02 3.28327454e+02 3.58149414e+02
    3.39652374e+02 3.65237518e+02 2.83783264e+02 3.18717926e+02
    2.91983917e+02 3.23551544e+02 3.00620422e+02 3.28642059e+02
    3.09728485e+02 3.34010529e+02 3.19347839e+02 3.39680328e+02
    3.29522736e+02 3.45677612e+02 3.40302765e+02 3.52031586e+02
    3.51743561e+02 3.58774994e+02 2.94562042e+02 3.14326569e+02
    3.02885803e+02 3.18959717e+02 3.11643585e+02 3.23834442e+02
    3.20870331e+02 3.28970215e+02 3.30604675e+02 3.34388519e+02
    3.40889740e+02 3.40113342e+02 3.51773590e+02 3.46171478e+02
    3.63310089e+02 3.52592896e+02 3.04961060e+02 3.10089935e+02
    3.13393982e+02 3.14533722e+02 3.22258514e+02 3.19204926e+02
    3.31588684e+02 3.24121490e+02 3.41422119e+02 3.29303253e+02
    3.51800720e+02 3.34772308e+02 3.62771088e+02 3.40553192e+02
    3.74385345e+02 3.46673340e+02 315. 306. 3.23529419e+02
    3.10264709e+02 3.32487427e+02 3.14743713e+02 3.41907227e+02
    3.19453613e+02 3.51825409e+02 3.24412689e+02 3.62282623e+02
    3.29641296e+02 3.73324036e+02 3.35162018e+02 385. 341.</data></corners>
</opencv_storage>
