<?xml version="1.0"?>
<opencv_storage>
<corners type_id="opencv-matrix">
  <rows>48</rows>
  <cols>1</cols>
  <dt>"2f"</dt>
  <data>
    310. 388. 3.19783600e+02 3.80240570e+02 3.28994904e+02
    3.72935089e+02 3.37682678e+02 3.66044769e+02 3.45890320e+02
    3.59535278e+02 3.53656555e+02 3.53375854e+02 3.61016083e+02
    3.47538971e+02 368. 342. 2.97329285e+02 3.82220367e+02
    3.07219696e+02 3.74840271e+02 3.16546722e+02 3.67880554e+02
    3.25357208e+02 3.61306274e+02 3.33692902e+02 3.55086304e+02
    3.41591156e+02 3.49192719e+02 3.49085541e+02 3.43600525e+02
    3.56206238e+02 3.38287140e+02 2.85345581e+02 3.76754120e+02
    2.95317566e+02 3.69724426e+02 3.04736084e+02 3.63084900e+02
    3.13645966e+02 3.56803925e+02 3.22087311e+02 3.50853210e+02
    3.30096191e+02 3.45207397e+02 3.37704956e+02 3.39843628e+02
    3.44942871e+02 3.34741272e+02 2.73994537e+02 3.71576447e+02
    2.84026306e+02 3.64871155e+02 2.93515167e+02 3.58528687e+02
    3.02504059e+02 3.52520447e+02 3.11031494e+02 3.46820618e+02
    3.19132111e+02 3.41406097e+02 3.26837158e+02 3.36255981e+02
    3.34174927e+02 3.31351379e+02 2.63227325e+02 3.66665100e+02
    2.73300018e+02 3.60260712e+02 2.82840912e+02 3.54194458e+02
    2.91891052e+02 3.48440277e+02 3.00487305e+02 3.42974670e+02
    3.08662994e+02 3.37776428e+02 3.16448242e+02 3.32826447e+02
    3.23870392e+02 3.28107361e+02 253. 362. 2.63097382e+02
    3.55875336e+02 2.72674347e+02 3.50066376e+02 2.81770081e+02
    3.44549286e+02 2.90419983e+02 3.39302643e+02 2.98656036e+02
    3.34307007e+02 3.06507263e+02 3.29544769e+02 314. 325.</data></corners>
</opencv_storage>
