<?xml version="1.0"?>
<opencv_storage>
<corners type_id="opencv-matrix">
  <rows>48</rows>
  <cols>1</cols>
  <dt>"2f"</dt>
  <data>
    489. 408. 4.85081543e+02 3.96755768e+02 4.81406830e+02
    3.86210876e+02 4.77953735e+02 3.76302002e+02 4.74702820e+02
    3.66973328e+02 4.71636871e+02 3.58175323e+02 4.68740479e+02
    3.49863983e+02 466. 342. 4.71230774e+02 4.08390533e+02
    4.67863464e+02 3.97069305e+02 4.64706726e+02 3.86456116e+02
    4.61741425e+02 3.76486511e+02 4.58950684e+02 3.67103699e+02
    4.56319489e+02 3.58257355e+02 4.53834534e+02 3.49902771e+02
    4.51483978e+02 342. 4.53250000e+02 4.08785706e+02 4.50447021e+02
    3.97386475e+02 4.47820343e+02 3.86704071e+02 4.45353790e+02
    3.76673004e+02 4.43033203e+02 3.67235443e+02 4.40845947e+02
    3.58340240e+02 4.38780884e+02 3.49941925e+02 4.36828033e+02 342.
    4.35053894e+02 4.09185638e+02 4.32828827e+02 3.97707275e+02
    4.30744507e+02 3.86954834e+02 4.28787933e+02 3.76861542e+02
    4.26947754e+02 3.67368591e+02 4.25213867e+02 3.58423950e+02
    4.23577301e+02 3.49981476e+02 4.22030121e+02 342. 4.16638550e+02
    4.09590363e+02 4.15005341e+02 3.98031860e+02 4.13476013e+02
    3.87208435e+02 4.12040955e+02 3.77052124e+02 4.10691681e+02
    3.67503143e+02 4.09420776e+02 3.58508545e+02 4.08221558e+02
    3.50021423e+02 4.07088135e+02 342. 398. 410. 3.96972961e+02
    3.98360229e+02 3.96011597e+02 3.87464905e+02 3.95109833e+02
    3.77244812e+02 3.94262268e+02 3.67639130e+02 3.93464172e+02
    3.58593994e+02 3.92711334e+02 3.50061768e+02 392. 342.</data></corners>
</opencv_storage>
