<?xml version="1.0"?>
<opencv_storage>
<corners type_id="opencv-matrix">
  <rows>48</rows>
  <cols>1</cols>
  <dt>"2f"</dt>
  <data>
    231. 401. 2.48058838e+02 4.01422943e+02 2.65192474e+02
    4.01847748e+02 2.82401398e+02 4.02274414e+02 2.99686096e+02
    4.02702972e+02 3.17047089e+02 4.03133392e+02 3.34484894e+02
    4.03565735e+02 352. 404. 2.33441238e+02 3.90791168e+02
    2.50036621e+02 3.91180786e+02 2.66702759e+02 3.91572052e+02
    2.83440125e+02 3.91964996e+02 3.00249176e+02 3.92359619e+02
    3.17130341e+02 3.92755920e+02 3.34084106e+02 3.93153961e+02
    3.51110962e+02 3.93553680e+02 2.35752213e+02 3.81127136e+02
    2.51908661e+02 3.81486298e+02 2.68132141e+02 3.81846985e+02
    2.84423096e+02 3.82209167e+02 3.00781952e+02 3.82572845e+02
    3.17209106e+02 3.82938049e+02 3.33704987e+02 3.83304749e+02
    3.50270050e+02 3.83673035e+02 2.37943054e+02 3.71965424e+02
    2.53683182e+02 3.72296753e+02 2.69486938e+02 3.72629456e+02
    2.85354675e+02 3.72963501e+02 3.01286804e+02 3.73298889e+02
    3.17283722e+02 3.73635651e+02 3.33345795e+02 3.73973755e+02
    3.49473480e+02 3.74313263e+02 2.40022903e+02 3.63267822e+02
    2.55367630e+02 3.63573669e+02 2.70772797e+02 3.63880737e+02
    2.86238770e+02 3.64188995e+02 3.01765869e+02 3.64498474e+02
    3.17354523e+02 3.64809174e+02 3.33005035e+02 3.65121124e+02
    3.48717804e+02 3.65434296e+02 242. 355. 2.56968689e+02
    3.55282440e+02 2.71994904e+02 3.55565948e+02 2.87078918e+02
    3.55850555e+02 3.02221100e+02 3.56136261e+02 3.17421783e+02
    3.56423065e+02 3.32681305e+02 3.56710968e+02 348. 357.</data></corners>
</opencv_storage>
